DATASET_NAME: HTRU2.train4.csv
ENSEMBLE: RF
NB_TREES: 100
NB_FEATURES: 8
NB_CLASSES: 2
MAX_TREE_DEPTH: 4
Format: node / node type (LN - leave node, IN - internal node) left child / right child / feature / threshold / node_depth / majority class (starts with index 0)

[FEATURES] 
Integrated-Mean:F 
Integrated-STD:F 
Integrated-Kurtosis:F 
Integrated-Skewness:F 
DM-SNR-Mean:F 
DM-SNR-STD:F 
DM-SNR-Kurtosis:F 
DM-SNR-Skewness:F 

[TREE 0]
NB_NODES: 29
0 IN 1 14 0 0.5 0 -1
1 IN 2 7 4 6.5 1 -1
2 IN 3 4 2 8.5 2 -1
3 LN -1 -1 -1 -1 3 0
4 IN 5 6 5 3.5 3 -1
5 LN -1 -1 -1 -1 4 0
6 LN -1 -1 -1 -1 4 0
7 IN 8 11 2 8.5 2 -1
8 IN 9 10 1 2.5 3 -1
9 LN -1 -1 -1 -1 4 0
10 LN -1 -1 -1 -1 4 0
11 IN 12 13 5 6.5 3 -1
12 LN -1 -1 -1 -1 4 0
13 LN -1 -1 -1 -1 4 1
14 IN 15 22 3 8.5 1 -1
15 IN 16 19 2 8.5 2 -1
16 IN 17 18 7 1.5 3 -1
17 LN -1 -1 -1 -1 4 0
18 LN -1 -1 -1 -1 4 0
19 IN 20 21 7 3.5 3 -1
20 LN -1 -1 -1 -1 4 1
21 LN -1 -1 -1 -1 4 0
22 IN 23 26 1 0.5 2 -1
23 IN 24 25 7 1.5 3 -1
24 LN -1 -1 -1 -1 4 0
25 LN -1 -1 -1 -1 4 0
26 IN 27 28 6 0.5 3 -1
27 LN -1 -1 -1 -1 4 0
28 LN -1 -1 -1 -1 4 1

[TREE 1]
NB_NODES: 29
0 IN 1 16 2 8.5 0 -1
1 IN 2 9 5 7.5 1 -1
2 IN 3 6 2 5.5 2 -1
3 IN 4 5 1 7.5 3 -1
4 LN -1 -1 -1 -1 4 0
5 LN -1 -1 -1 -1 4 0
6 IN 7 8 4 5.5 3 -1
7 LN -1 -1 -1 -1 4 0
8 LN -1 -1 -1 -1 4 0
9 IN 10 13 0 4.5 2 -1
10 IN 11 12 1 2.5 3 -1
11 LN -1 -1 -1 -1 4 0
12 LN -1 -1 -1 -1 4 0
13 IN 14 15 0 7.5 3 -1
14 LN -1 -1 -1 -1 4 0
15 LN -1 -1 -1 -1 4 0
16 IN 17 24 7 2.5 1 -1
17 IN 18 21 0 0.5 2 -1
18 IN 19 20 1 4.5 3 -1
19 LN -1 -1 -1 -1 4 1
20 LN -1 -1 -1 -1 4 1
21 IN 22 23 1 5.5 3 -1
22 LN -1 -1 -1 -1 4 1
23 LN -1 -1 -1 -1 4 0
24 IN 25 28 4 6.5 2 -1
25 IN 26 27 1 2.5 3 -1
26 LN -1 -1 -1 -1 4 0
27 LN -1 -1 -1 -1 4 0
28 LN -1 -1 -1 -1 3 1

[TREE 2]
NB_NODES: 31
0 IN 1 16 3 8.5 0 -1
1 IN 2 9 2 8.5 1 -1
2 IN 3 6 4 7.5 2 -1
3 IN 4 5 2 5.5 3 -1
4 LN -1 -1 -1 -1 4 0
5 LN -1 -1 -1 -1 4 0
6 IN 7 8 2 6.5 3 -1
7 LN -1 -1 -1 -1 4 0
8 LN -1 -1 -1 -1 4 0
9 IN 10 13 5 6.5 2 -1
10 IN 11 12 6 5.5 3 -1
11 LN -1 -1 -1 -1 4 0
12 LN -1 -1 -1 -1 4 0
13 IN 14 15 6 0.5 3 -1
14 LN -1 -1 -1 -1 4 1
15 LN -1 -1 -1 -1 4 1
16 IN 17 24 5 6.5 1 -1
17 IN 18 21 5 5.5 2 -1
18 IN 19 20 1 1.5 3 -1
19 LN -1 -1 -1 -1 4 0
20 LN -1 -1 -1 -1 4 1
21 IN 22 23 2 8.5 3 -1
22 LN -1 -1 -1 -1 4 0
23 LN -1 -1 -1 -1 4 0
24 IN 25 28 4 7.5 2 -1
25 IN 26 27 0 1.5 3 -1
26 LN -1 -1 -1 -1 4 1
27 LN -1 -1 -1 -1 4 0
28 IN 29 30 0 0.5 3 -1
29 LN -1 -1 -1 -1 4 1
30 LN -1 -1 -1 -1 4 1

[TREE 3]
NB_NODES: 31
0 IN 1 16 2 8.5 0 -1
1 IN 2 9 5 7.5 1 -1
2 IN 3 6 2 5.5 2 -1
3 IN 4 5 2 3.5 3 -1
4 LN -1 -1 -1 -1 4 0
5 LN -1 -1 -1 -1 4 0
6 IN 7 8 7 2.5 3 -1
7 LN -1 -1 -1 -1 4 0
8 LN -1 -1 -1 -1 4 0
9 IN 10 13 2 6.5 2 -1
10 IN 11 12 3 4.5 3 -1
11 LN -1 -1 -1 -1 4 0
12 LN -1 -1 -1 -1 4 0
13 IN 14 15 1 2.5 3 -1
14 LN -1 -1 -1 -1 4 0
15 LN -1 -1 -1 -1 4 0
16 IN 17 24 5 6.5 1 -1
17 IN 18 21 1 1.5 2 -1
18 IN 19 20 4 1.5 3 -1
19 LN -1 -1 -1 -1 4 0
20 LN -1 -1 -1 -1 4 0
21 IN 22 23 5 3.5 3 -1
22 LN -1 -1 -1 -1 4 0
23 LN -1 -1 -1 -1 4 1
24 IN 25 28 0 0.5 2 -1
25 IN 26 27 5 7.5 3 -1
26 LN -1 -1 -1 -1 4 1
27 LN -1 -1 -1 -1 4 1
28 IN 29 30 1 7.5 3 -1
29 LN -1 -1 -1 -1 4 1
30 LN -1 -1 -1 -1 4 0

[TREE 4]
NB_NODES: 31
0 IN 1 16 2 8.5 0 -1
1 IN 2 9 5 7.5 1 -1
2 IN 3 6 0 4.5 2 -1
3 IN 4 5 5 5.5 3 -1
4 LN -1 -1 -1 -1 4 0
5 LN -1 -1 -1 -1 4 0
6 IN 7 8 0 6.5 3 -1
7 LN -1 -1 -1 -1 4 0
8 LN -1 -1 -1 -1 4 0
9 IN 10 13 2 7.5 2 -1
10 IN 11 12 2 6.5 3 -1
11 LN -1 -1 -1 -1 4 0
12 LN -1 -1 -1 -1 4 0
13 IN 14 15 3 1.5 3 -1
14 LN -1 -1 -1 -1 4 1
15 LN -1 -1 -1 -1 4 0
16 IN 17 24 5 6.5 1 -1
17 IN 18 21 1 2.5 2 -1
18 IN 19 20 5 5.5 3 -1
19 LN -1 -1 -1 -1 4 0
20 LN -1 -1 -1 -1 4 0
21 IN 22 23 3 8.5 3 -1
22 LN -1 -1 -1 -1 4 0
23 LN -1 -1 -1 -1 4 1
24 IN 25 28 3 8.5 2 -1
25 IN 26 27 6 0.5 3 -1
26 LN -1 -1 -1 -1 4 1
27 LN -1 -1 -1 -1 4 1
28 IN 29 30 1 6.5 3 -1
29 LN -1 -1 -1 -1 4 1
30 LN -1 -1 -1 -1 4 1

[TREE 5]
NB_NODES: 31
0 IN 1 16 2 8.5 0 -1
1 IN 2 9 2 5.5 1 -1
2 IN 3 6 0 4.5 2 -1
3 IN 4 5 4 7.5 3 -1
4 LN -1 -1 -1 -1 4 0
5 LN -1 -1 -1 -1 4 0
6 IN 7 8 1 7.5 3 -1
7 LN -1 -1 -1 -1 4 0
8 LN -1 -1 -1 -1 4 0
9 IN 10 13 5 7.5 2 -1
10 IN 11 12 5 5.5 3 -1
11 LN -1 -1 -1 -1 4 0
12 LN -1 -1 -1 -1 4 0
13 IN 14 15 2 6.5 3 -1
14 LN -1 -1 -1 -1 4 0
15 LN -1 -1 -1 -1 4 0
16 IN 17 24 7 2.5 1 -1
17 IN 18 21 3 7.5 2 -1
18 IN 19 20 6 1.5 3 -1
19 LN -1 -1 -1 -1 4 0
20 LN -1 -1 -1 -1 4 1
21 IN 22 23 3 8.5 3 -1
22 LN -1 -1 -1 -1 4 1
23 LN -1 -1 -1 -1 4 1
24 IN 25 28 5 6.5 2 -1
25 IN 26 27 1 2.5 3 -1
26 LN -1 -1 -1 -1 4 0
27 LN -1 -1 -1 -1 4 1
28 IN 29 30 0 2.5 3 -1
29 LN -1 -1 -1 -1 4 1
30 LN -1 -1 -1 -1 4 0

[TREE 6]
NB_NODES: 31
0 IN 1 16 2 8.5 0 -1
1 IN 2 9 4 7.5 1 -1
2 IN 3 6 2 5.5 2 -1
3 IN 4 5 5 2.5 3 -1
4 LN -1 -1 -1 -1 4 0
5 LN -1 -1 -1 -1 4 0
6 IN 7 8 5 5.5 3 -1
7 LN -1 -1 -1 -1 4 0
8 LN -1 -1 -1 -1 4 0
9 IN 10 13 0 4.5 2 -1
10 IN 11 12 3 2.5 3 -1
11 LN -1 -1 -1 -1 4 0
12 LN -1 -1 -1 -1 4 0
13 IN 14 15 2 7.5 3 -1
14 LN -1 -1 -1 -1 4 0
15 LN -1 -1 -1 -1 4 1
16 IN 17 24 6 2.5 1 -1
17 IN 18 21 0 0.5 2 -1
18 IN 19 20 3 8.5 3 -1
19 LN -1 -1 -1 -1 4 1
20 LN -1 -1 -1 -1 4 1
21 IN 22 23 6 0.5 3 -1
22 LN -1 -1 -1 -1 4 0
23 LN -1 -1 -1 -1 4 1
24 IN 25 28 5 6.5 2 -1
25 IN 26 27 4 2.5 3 -1
26 LN -1 -1 -1 -1 4 0
27 LN -1 -1 -1 -1 4 0
28 IN 29 30 6 3.5 3 -1
29 LN -1 -1 -1 -1 4 1
30 LN -1 -1 -1 -1 4 0

[TREE 7]
NB_NODES: 31
0 IN 1 16 2 8.5 0 -1
1 IN 2 9 0 4.5 1 -1
2 IN 3 6 5 7.5 2 -1
3 IN 4 5 5 5.5 3 -1
4 LN -1 -1 -1 -1 4 0
5 LN -1 -1 -1 -1 4 0
6 IN 7 8 3 4.5 3 -1
7 LN -1 -1 -1 -1 4 0
8 LN -1 -1 -1 -1 4 0
9 IN 10 13 2 2.5 2 -1
10 IN 11 12 3 1.5 3 -1
11 LN -1 -1 -1 -1 4 0
12 LN -1 -1 -1 -1 4 0
13 IN 14 15 7 2.5 3 -1
14 LN -1 -1 -1 -1 4 0
15 LN -1 -1 -1 -1 4 0
16 IN 17 24 5 6.5 1 -1
17 IN 18 21 7 6.5 2 -1
18 IN 19 20 1 1.5 3 -1
19 LN -1 -1 -1 -1 4 0
20 LN -1 -1 -1 -1 4 0
21 IN 22 23 1 2.5 3 -1
22 LN -1 -1 -1 -1 4 0
23 LN -1 -1 -1 -1 4 0
24 IN 25 28 0 0.5 2 -1
25 IN 26 27 1 4.5 3 -1
26 LN -1 -1 -1 -1 4 1
27 LN -1 -1 -1 -1 4 1
28 IN 29 30 3 7.5 3 -1
29 LN -1 -1 -1 -1 4 0
30 LN -1 -1 -1 -1 4 1

[TREE 8]
NB_NODES: 31
0 IN 1 16 3 8.5 0 -1
1 IN 2 9 2 8.5 1 -1
2 IN 3 6 5 7.5 2 -1
3 IN 4 5 3 4.5 3 -1
4 LN -1 -1 -1 -1 4 0
5 LN -1 -1 -1 -1 4 0
6 IN 7 8 2 7.5 3 -1
7 LN -1 -1 -1 -1 4 0
8 LN -1 -1 -1 -1 4 0
9 IN 10 13 4 6.5 2 -1
10 IN 11 12 5 5.5 3 -1
11 LN -1 -1 -1 -1 4 0
12 LN -1 -1 -1 -1 4 0
13 IN 14 15 6 0.5 3 -1
14 LN -1 -1 -1 -1 4 1
15 LN -1 -1 -1 -1 4 1
16 IN 17 24 5 6.5 1 -1
17 IN 18 21 2 8.5 2 -1
18 IN 19 20 7 6.5 3 -1
19 LN -1 -1 -1 -1 4 0
20 LN -1 -1 -1 -1 4 0
21 IN 22 23 5 3.5 3 -1
22 LN -1 -1 -1 -1 4 0
23 LN -1 -1 -1 -1 4 0
24 IN 25 28 0 0.5 2 -1
25 IN 26 27 5 7.5 3 -1
26 LN -1 -1 -1 -1 4 1
27 LN -1 -1 -1 -1 4 1
28 IN 29 30 1 0.5 3 -1
29 LN -1 -1 -1 -1 4 0
30 LN -1 -1 -1 -1 4 1

[TREE 9]
NB_NODES: 29
0 IN 1 16 5 7.5 0 -1
1 IN 2 9 0 0.5 1 -1
2 IN 3 6 5 5.5 2 -1
3 IN 4 5 5 3.5 3 -1
4 LN -1 -1 -1 -1 4 0
5 LN -1 -1 -1 -1 4 0
6 IN 7 8 2 8.5 3 -1
7 LN -1 -1 -1 -1 4 0
8 LN -1 -1 -1 -1 4 1
9 IN 10 13 2 8.5 2 -1
10 IN 11 12 3 5.5 3 -1
11 LN -1 -1 -1 -1 4 0
12 LN -1 -1 -1 -1 4 0
13 IN 14 15 4 6.5 3 -1
14 LN -1 -1 -1 -1 4 0
15 LN -1 -1 -1 -1 4 1
16 IN 17 24 3 8.5 1 -1
17 IN 18 21 3 7.5 2 -1
18 IN 19 20 2 7.5 3 -1
19 LN -1 -1 -1 -1 4 0
20 LN -1 -1 -1 -1 4 0
21 IN 22 23 0 3.5 3 -1
22 LN -1 -1 -1 -1 4 1
23 LN -1 -1 -1 -1 4 0
24 IN 25 26 2 8.5 2 -1
25 LN -1 -1 -1 -1 3 0
26 IN 27 28 6 1.5 3 -1
27 LN -1 -1 -1 -1 4 1
28 LN -1 -1 -1 -1 4 1

[TREE 10]
NB_NODES: 31
0 IN 1 16 2 8.5 0 -1
1 IN 2 9 2 6.5 1 -1
2 IN 3 6 2 5.5 2 -1
3 IN 4 5 4 7.5 3 -1
4 LN -1 -1 -1 -1 4 0
5 LN -1 -1 -1 -1 4 0
6 IN 7 8 0 3.5 3 -1
7 LN -1 -1 -1 -1 4 0
8 LN -1 -1 -1 -1 4 0
9 IN 10 13 4 7.5 2 -1
10 IN 11 12 7 2.5 3 -1
11 LN -1 -1 -1 -1 4 0
12 LN -1 -1 -1 -1 4 0
13 IN 14 15 3 8.5 3 -1
14 LN -1 -1 -1 -1 4 0
15 LN -1 -1 -1 -1 4 0
16 IN 17 24 4 6.5 1 -1
17 IN 18 21 1 2.5 2 -1
18 IN 19 20 5 5.5 3 -1
19 LN -1 -1 -1 -1 4 0
20 LN -1 -1 -1 -1 4 0
21 IN 22 23 4 0.5 3 -1
22 LN -1 -1 -1 -1 4 0
23 LN -1 -1 -1 -1 4 1
24 IN 25 28 3 8.5 2 -1
25 IN 26 27 1 1.5 3 -1
26 LN -1 -1 -1 -1 4 0
27 LN -1 -1 -1 -1 4 1
28 IN 29 30 5 6.5 3 -1
29 LN -1 -1 -1 -1 4 0
30 LN -1 -1 -1 -1 4 1

[TREE 11]
NB_NODES: 29
0 IN 1 14 0 0.5 0 -1
1 IN 2 7 4 6.5 1 -1
2 IN 3 4 2 8.5 2 -1
3 LN -1 -1 -1 -1 3 0
4 IN 5 6 5 5.5 3 -1
5 LN -1 -1 -1 -1 4 0
6 LN -1 -1 -1 -1 4 0
7 IN 8 11 5 7.5 2 -1
8 IN 9 10 3 8.5 3 -1
9 LN -1 -1 -1 -1 4 0
10 LN -1 -1 -1 -1 4 1
11 IN 12 13 2 8.5 3 -1
12 LN -1 -1 -1 -1 4 0
13 LN -1 -1 -1 -1 4 1
14 IN 15 22 2 8.5 1 -1
15 IN 16 19 0 4.5 2 -1
16 IN 17 18 4 7.5 3 -1
17 LN -1 -1 -1 -1 4 0
18 LN -1 -1 -1 -1 4 0
19 IN 20 21 2 7.5 3 -1
20 LN -1 -1 -1 -1 4 0
21 LN -1 -1 -1 -1 4 0
22 IN 23 26 5 6.5 2 -1
23 IN 24 25 0 1.5 3 -1
24 LN -1 -1 -1 -1 4 0
25 LN -1 -1 -1 -1 4 0
26 IN 27 28 4 8.5 3 -1
27 LN -1 -1 -1 -1 4 1
28 LN -1 -1 -1 -1 4 1

[TREE 12]
NB_NODES: 31
0 IN 1 16 2 8.5 0 -1
1 IN 2 9 5 7.5 1 -1
2 IN 3 6 2 5.5 2 -1
3 IN 4 5 1 2.5 3 -1
4 LN -1 -1 -1 -1 4 0
5 LN -1 -1 -1 -1 4 0
6 IN 7 8 4 6.5 3 -1
7 LN -1 -1 -1 -1 4 0
8 LN -1 -1 -1 -1 4 0
9 IN 10 13 0 4.5 2 -1
10 IN 11 12 2 6.5 3 -1
11 LN -1 -1 -1 -1 4 0
12 LN -1 -1 -1 -1 4 0
13 IN 14 15 3 6.5 3 -1
14 LN -1 -1 -1 -1 4 0
15 LN -1 -1 -1 -1 4 0
16 IN 17 24 7 2.5 1 -1
17 IN 18 21 4 7.5 2 -1
18 IN 19 20 6 1.5 3 -1
19 LN -1 -1 -1 -1 4 0
20 LN -1 -1 -1 -1 4 1
21 IN 22 23 3 8.5 3 -1
22 LN -1 -1 -1 -1 4 1
23 LN -1 -1 -1 -1 4 1
24 IN 25 28 4 5.5 2 -1
25 IN 26 27 1 2.5 3 -1
26 LN -1 -1 -1 -1 4 0
27 LN -1 -1 -1 -1 4 0
28 IN 29 30 5 6.5 3 -1
29 LN -1 -1 -1 -1 4 0
30 LN -1 -1 -1 -1 4 1

[TREE 13]
NB_NODES: 29
0 IN 1 14 0 0.5 0 -1
1 IN 2 7 5 6.5 1 -1
2 IN 3 4 2 8.5 2 -1
3 LN -1 -1 -1 -1 3 0
4 IN 5 6 4 4.5 3 -1
5 LN -1 -1 -1 -1 4 0
6 LN -1 -1 -1 -1 4 0
7 IN 8 11 2 8.5 2 -1
8 IN 9 10 4 7.5 3 -1
9 LN -1 -1 -1 -1 4 0
10 LN -1 -1 -1 -1 4 0
11 IN 12 13 1 4.5 3 -1
12 LN -1 -1 -1 -1 4 1
13 LN -1 -1 -1 -1 4 1
14 IN 15 22 5 7.5 1 -1
15 IN 16 19 2 8.5 2 -1
16 IN 17 18 0 4.5 3 -1
17 LN -1 -1 -1 -1 4 0
18 LN -1 -1 -1 -1 4 0
19 IN 20 21 5 6.5 3 -1
20 LN -1 -1 -1 -1 4 0
21 LN -1 -1 -1 -1 4 1
22 IN 23 26 0 1.5 2 -1
23 IN 24 25 1 8.5 3 -1
24 LN -1 -1 -1 -1 4 0
25 LN -1 -1 -1 -1 4 1
26 IN 27 28 3 6.5 3 -1
27 LN -1 -1 -1 -1 4 0
28 LN -1 -1 -1 -1 4 0

[TREE 14]
NB_NODES: 31
0 IN 1 16 3 8.5 0 -1
1 IN 2 9 2 8.5 1 -1
2 IN 3 6 2 6.5 2 -1
3 IN 4 5 2 5.5 3 -1
4 LN -1 -1 -1 -1 4 0
5 LN -1 -1 -1 -1 4 0
6 IN 7 8 7 1.5 3 -1
7 LN -1 -1 -1 -1 4 0
8 LN -1 -1 -1 -1 4 0
9 IN 10 13 5 6.5 2 -1
10 IN 11 12 0 1.5 3 -1
11 LN -1 -1 -1 -1 4 0
12 LN -1 -1 -1 -1 4 0
13 IN 14 15 3 7.5 3 -1
14 LN -1 -1 -1 -1 4 1
15 LN -1 -1 -1 -1 4 1
16 IN 17 24 5 6.5 1 -1
17 IN 18 21 2 8.5 2 -1
18 IN 19 20 7 6.5 3 -1
19 LN -1 -1 -1 -1 4 0
20 LN -1 -1 -1 -1 4 0
21 IN 22 23 1 1.5 3 -1
22 LN -1 -1 -1 -1 4 0
23 LN -1 -1 -1 -1 4 1
24 IN 25 28 0 0.5 2 -1
25 IN 26 27 4 7.5 3 -1
26 LN -1 -1 -1 -1 4 1
27 LN -1 -1 -1 -1 4 1
28 IN 29 30 1 0.5 3 -1
29 LN -1 -1 -1 -1 4 0
30 LN -1 -1 -1 -1 4 1

[TREE 15]
NB_NODES: 31
0 IN 1 16 2 8.5 0 -1
1 IN 2 9 5 7.5 1 -1
2 IN 3 6 2 5.5 2 -1
3 IN 4 5 3 7.5 3 -1
4 LN -1 -1 -1 -1 4 0
5 LN -1 -1 -1 -1 4 0
6 IN 7 8 7 2.5 3 -1
7 LN -1 -1 -1 -1 4 0
8 LN -1 -1 -1 -1 4 0
9 IN 10 13 3 2.5 2 -1
10 IN 11 12 2 7.5 3 -1
11 LN -1 -1 -1 -1 4 0
12 LN -1 -1 -1 -1 4 0
13 IN 14 15 0 4.5 3 -1
14 LN -1 -1 -1 -1 4 0
15 LN -1 -1 -1 -1 4 0
16 IN 17 24 7 2.5 1 -1
17 IN 18 21 3 8.5 2 -1
18 IN 19 20 6 0.5 3 -1
19 LN -1 -1 -1 -1 4 0
20 LN -1 -1 -1 -1 4 1
21 IN 22 23 4 7.5 3 -1
22 LN -1 -1 -1 -1 4 1
23 LN -1 -1 -1 -1 4 1
24 IN 25 28 5 6.5 2 -1
25 IN 26 27 5 4.5 3 -1
26 LN -1 -1 -1 -1 4 0
27 LN -1 -1 -1 -1 4 0
28 IN 29 30 3 7.0 3 -1
29 LN -1 -1 -1 -1 4 0
30 LN -1 -1 -1 -1 4 1

[TREE 16]
NB_NODES: 29
0 IN 1 16 3 8.5 0 -1
1 IN 2 9 5 7.5 1 -1
2 IN 3 6 0 2.5 2 -1
3 IN 4 5 2 8.5 3 -1
4 LN -1 -1 -1 -1 4 0
5 LN -1 -1 -1 -1 4 0
6 IN 7 8 0 4.5 3 -1
7 LN -1 -1 -1 -1 4 0
8 LN -1 -1 -1 -1 4 0
9 IN 10 13 2 7.5 2 -1
10 IN 11 12 2 6.5 3 -1
11 LN -1 -1 -1 -1 4 0
12 LN -1 -1 -1 -1 4 0
13 IN 14 15 3 7.5 3 -1
14 LN -1 -1 -1 -1 4 0
15 LN -1 -1 -1 -1 4 1
16 IN 17 24 4 6.5 1 -1
17 IN 18 21 2 8.5 2 -1
18 IN 19 20 4 1.5 3 -1
19 LN -1 -1 -1 -1 4 0
20 LN -1 -1 -1 -1 4 0
21 IN 22 23 1 1.5 3 -1
22 LN -1 -1 -1 -1 4 0
23 LN -1 -1 -1 -1 4 1
24 IN 25 26 2 8.5 2 -1
25 LN -1 -1 -1 -1 3 0
26 IN 27 28 4 7.5 3 -1
27 LN -1 -1 -1 -1 4 1
28 LN -1 -1 -1 -1 4 1

[TREE 17]
NB_NODES: 27
0 IN 1 16 3 8.5 0 -1
1 IN 2 9 5 7.5 1 -1
2 IN 3 6 3 5.5 2 -1
3 IN 4 5 0 4.5 3 -1
4 LN -1 -1 -1 -1 4 0
5 LN -1 -1 -1 -1 4 0
6 IN 7 8 1 4.5 3 -1
7 LN -1 -1 -1 -1 4 0
8 LN -1 -1 -1 -1 4 0
9 IN 10 13 2 7.5 2 -1
10 IN 11 12 3 2.5 3 -1
11 LN -1 -1 -1 -1 4 0
12 LN -1 -1 -1 -1 4 0
13 IN 14 15 1 2.5 3 -1
14 LN -1 -1 -1 -1 4 0
15 LN -1 -1 -1 -1 4 0
16 IN 17 22 4 6.5 1 -1
17 IN 18 21 1 1.5 2 -1
18 IN 19 20 4 5.5 3 -1
19 LN -1 -1 -1 -1 4 0
20 LN -1 -1 -1 -1 4 0
21 LN -1 -1 -1 -1 3 1
22 IN 23 24 2 8.5 2 -1
23 LN -1 -1 -1 -1 3 0
24 IN 25 26 4 7.5 3 -1
25 LN -1 -1 -1 -1 4 1
26 LN -1 -1 -1 -1 4 1

[TREE 18]
NB_NODES: 31
0 IN 1 16 2 8.5 0 -1
1 IN 2 9 0 4.5 1 -1
2 IN 3 6 4 7.5 2 -1
3 IN 4 5 7 2.5 3 -1
4 LN -1 -1 -1 -1 4 0
5 LN -1 -1 -1 -1 4 0
6 IN 7 8 2 7.5 3 -1
7 LN -1 -1 -1 -1 4 0
8 LN -1 -1 -1 -1 4 0
9 IN 10 13 4 7.5 2 -1
10 IN 11 12 2 7.5 3 -1
11 LN -1 -1 -1 -1 4 0
12 LN -1 -1 -1 -1 4 0
13 IN 14 15 2 7.5 3 -1
14 LN -1 -1 -1 -1 4 0
15 LN -1 -1 -1 -1 4 0
16 IN 17 24 5 6.5 1 -1
17 IN 18 21 5 3.5 2 -1
18 IN 19 20 1 2.5 3 -1
19 LN -1 -1 -1 -1 4 0
20 LN -1 -1 -1 -1 4 0
21 IN 22 23 3 8.5 3 -1
22 LN -1 -1 -1 -1 4 0
23 LN -1 -1 -1 -1 4 0
24 IN 25 28 3 8.5 2 -1
25 IN 26 27 4 8.5 3 -1
26 LN -1 -1 -1 -1 4 1
27 LN -1 -1 -1 -1 4 0
28 IN 29 30 4 7.5 3 -1
29 LN -1 -1 -1 -1 4 1
30 LN -1 -1 -1 -1 4 1

[TREE 19]
NB_NODES: 31
0 IN 1 16 2 8.5 0 -1
1 IN 2 9 2 6.5 1 -1
2 IN 3 6 0 2.5 2 -1
3 IN 4 5 3 5.5 3 -1
4 LN -1 -1 -1 -1 4 0
5 LN -1 -1 -1 -1 4 0
6 IN 7 8 2 4.5 3 -1
7 LN -1 -1 -1 -1 4 0
8 LN -1 -1 -1 -1 4 0
9 IN 10 13 6 1.5 2 -1
10 IN 11 12 5 7.5 3 -1
11 LN -1 -1 -1 -1 4 0
12 LN -1 -1 -1 -1 4 0
13 IN 14 15 7 2.5 3 -1
14 LN -1 -1 -1 -1 4 0
15 LN -1 -1 -1 -1 4 0
16 IN 17 24 7 2.5 1 -1
17 IN 18 21 5 7.5 2 -1
18 IN 19 20 4 6.5 3 -1
19 LN -1 -1 -1 -1 4 0
20 LN -1 -1 -1 -1 4 1
21 IN 22 23 3 8.5 3 -1
22 LN -1 -1 -1 -1 4 1
23 LN -1 -1 -1 -1 4 1
24 IN 25 28 5 6.5 2 -1
25 IN 26 27 1 4.5 3 -1
26 LN -1 -1 -1 -1 4 0
27 LN -1 -1 -1 -1 4 0
28 IN 29 30 3 7.0 3 -1
29 LN -1 -1 -1 -1 4 0
30 LN -1 -1 -1 -1 4 1

[TREE 20]
NB_NODES: 29
0 IN 1 16 3 8.5 0 -1
1 IN 2 9 5 7.5 1 -1
2 IN 3 6 2 8.5 2 -1
3 IN 4 5 2 5.5 3 -1
4 LN -1 -1 -1 -1 4 0
5 LN -1 -1 -1 -1 4 0
6 IN 7 8 4 6.5 3 -1
7 LN -1 -1 -1 -1 4 0
8 LN -1 -1 -1 -1 4 1
9 IN 10 13 2 7.5 2 -1
10 IN 11 12 2 6.5 3 -1
11 LN -1 -1 -1 -1 4 0
12 LN -1 -1 -1 -1 4 0
13 IN 14 15 2 8.5 3 -1
14 LN -1 -1 -1 -1 4 0
15 LN -1 -1 -1 -1 4 1
16 IN 17 22 7 2.5 1 -1
17 IN 18 19 2 8.5 2 -1
18 LN -1 -1 -1 -1 3 0
19 IN 20 21 4 7.5 3 -1
20 LN -1 -1 -1 -1 4 1
21 LN -1 -1 -1 -1 4 1
22 IN 23 26 5 6.5 2 -1
23 IN 24 25 2 8.5 3 -1
24 LN -1 -1 -1 -1 4 0
25 LN -1 -1 -1 -1 4 0
26 IN 27 28 0 0.5 3 -1
27 LN -1 -1 -1 -1 4 1
28 LN -1 -1 -1 -1 4 1

[TREE 21]
NB_NODES: 31
0 IN 1 16 0 0.5 0 -1
1 IN 2 9 5 6.5 1 -1
2 IN 3 6 1 2.5 2 -1
3 IN 4 5 5 4.5 3 -1
4 LN -1 -1 -1 -1 4 0
5 LN -1 -1 -1 -1 4 0
6 IN 7 8 2 8.5 3 -1
7 LN -1 -1 -1 -1 4 0
8 LN -1 -1 -1 -1 4 1
9 IN 10 13 2 8.5 2 -1
10 IN 11 12 1 2.0 3 -1
11 LN -1 -1 -1 -1 4 0
12 LN -1 -1 -1 -1 4 0
13 IN 14 15 3 8.5 3 -1
14 LN -1 -1 -1 -1 4 1
15 LN -1 -1 -1 -1 4 1
16 IN 17 24 2 8.5 1 -1
17 IN 18 21 2 6.5 2 -1
18 IN 19 20 2 3.5 3 -1
19 LN -1 -1 -1 -1 4 0
20 LN -1 -1 -1 -1 4 0
21 IN 22 23 4 7.5 3 -1
22 LN -1 -1 -1 -1 4 0
23 LN -1 -1 -1 -1 4 0
24 IN 25 28 5 6.5 2 -1
25 IN 26 27 0 1.5 3 -1
26 LN -1 -1 -1 -1 4 0
27 LN -1 -1 -1 -1 4 0
28 IN 29 30 6 0.5 3 -1
29 LN -1 -1 -1 -1 4 0
30 LN -1 -1 -1 -1 4 1

[TREE 22]
NB_NODES: 31
0 IN 1 16 2 8.5 0 -1
1 IN 2 9 2 5.5 1 -1
2 IN 3 6 7 5.5 2 -1
3 IN 4 5 4 3.5 3 -1
4 LN -1 -1 -1 -1 4 0
5 LN -1 -1 -1 -1 4 0
6 IN 7 8 0 4.5 3 -1
7 LN -1 -1 -1 -1 4 0
8 LN -1 -1 -1 -1 4 0
9 IN 10 13 4 7.5 2 -1
10 IN 11 12 7 2.5 3 -1
11 LN -1 -1 -1 -1 4 0
12 LN -1 -1 -1 -1 4 0
13 IN 14 15 0 5.5 3 -1
14 LN -1 -1 -1 -1 4 0
15 LN -1 -1 -1 -1 4 0
16 IN 17 24 4 6.5 1 -1
17 IN 18 21 4 4.5 2 -1
18 IN 19 20 7 6.5 3 -1
19 LN -1 -1 -1 -1 4 0
20 LN -1 -1 -1 -1 4 0
21 IN 22 23 1 1.5 3 -1
22 LN -1 -1 -1 -1 4 0
23 LN -1 -1 -1 -1 4 1
24 IN 25 28 3 8.5 2 -1
25 IN 26 27 1 1.5 3 -1
26 LN -1 -1 -1 -1 4 0
27 LN -1 -1 -1 -1 4 1
28 IN 29 30 4 7.5 3 -1
29 LN -1 -1 -1 -1 4 1
30 LN -1 -1 -1 -1 4 1

[TREE 23]
NB_NODES: 29
0 IN 1 16 3 8.5 0 -1
1 IN 2 9 2 8.5 1 -1
2 IN 3 6 2 7.5 2 -1
3 IN 4 5 2 4.5 3 -1
4 LN -1 -1 -1 -1 4 0
5 LN -1 -1 -1 -1 4 0
6 IN 7 8 5 7.5 3 -1
7 LN -1 -1 -1 -1 4 0
8 LN -1 -1 -1 -1 4 0
9 IN 10 13 7 2.5 2 -1
10 IN 11 12 1 1.5 3 -1
11 LN -1 -1 -1 -1 4 0
12 LN -1 -1 -1 -1 4 1
13 IN 14 15 5 2.5 3 -1
14 LN -1 -1 -1 -1 4 0
15 LN -1 -1 -1 -1 4 0
16 IN 17 22 7 2.5 1 -1
17 IN 18 19 2 8.5 2 -1
18 LN -1 -1 -1 -1 3 0
19 IN 20 21 6 1.5 3 -1
20 LN -1 -1 -1 -1 4 1
21 LN -1 -1 -1 -1 4 1
22 IN 23 26 5 5.5 2 -1
23 IN 24 25 7 7.5 3 -1
24 LN -1 -1 -1 -1 4 0
25 LN -1 -1 -1 -1 4 0
26 IN 27 28 2 8.5 3 -1
27 LN -1 -1 -1 -1 4 0
28 LN -1 -1 -1 -1 4 1

[TREE 24]
NB_NODES: 31
0 IN 1 16 2 8.5 0 -1
1 IN 2 9 5 7.5 1 -1
2 IN 3 6 3 5.5 2 -1
3 IN 4 5 2 5.5 3 -1
4 LN -1 -1 -1 -1 4 0
5 LN -1 -1 -1 -1 4 0
6 IN 7 8 7 2.5 3 -1
7 LN -1 -1 -1 -1 4 0
8 LN -1 -1 -1 -1 4 0
9 IN 10 13 2 6.5 2 -1
10 IN 11 12 0 2.5 3 -1
11 LN -1 -1 -1 -1 4 0
12 LN -1 -1 -1 -1 4 0
13 IN 14 15 1 2.5 3 -1
14 LN -1 -1 -1 -1 4 0
15 LN -1 -1 -1 -1 4 0
16 IN 17 24 5 6.5 1 -1
17 IN 18 21 5 3.5 2 -1
18 IN 19 20 1 2.5 3 -1
19 LN -1 -1 -1 -1 4 0
20 LN -1 -1 -1 -1 4 0
21 IN 22 23 1 1.5 3 -1
22 LN -1 -1 -1 -1 4 0
23 LN -1 -1 -1 -1 4 1
24 IN 25 28 1 3.5 2 -1
25 IN 26 27 4 7.5 3 -1
26 LN -1 -1 -1 -1 4 1
27 LN -1 -1 -1 -1 4 1
28 IN 29 30 3 8.5 3 -1
29 LN -1 -1 -1 -1 4 1
30 LN -1 -1 -1 -1 4 1

[TREE 25]
NB_NODES: 31
0 IN 1 16 3 8.5 0 -1
1 IN 2 9 6 1.5 1 -1
2 IN 3 6 2 7.5 2 -1
3 IN 4 5 0 6.5 3 -1
4 LN -1 -1 -1 -1 4 0
5 LN -1 -1 -1 -1 4 0
6 IN 7 8 0 1.5 3 -1
7 LN -1 -1 -1 -1 4 0
8 LN -1 -1 -1 -1 4 0
9 IN 10 13 5 6.5 2 -1
10 IN 11 12 2 5.5 3 -1
11 LN -1 -1 -1 -1 4 0
12 LN -1 -1 -1 -1 4 0
13 IN 14 15 2 8.5 3 -1
14 LN -1 -1 -1 -1 4 0
15 LN -1 -1 -1 -1 4 1
16 IN 17 24 5 6.5 1 -1
17 IN 18 21 5 5.5 2 -1
18 IN 19 20 6 4.5 3 -1
19 LN -1 -1 -1 -1 4 0
20 LN -1 -1 -1 -1 4 0
21 IN 22 23 1 0.5 3 -1
22 LN -1 -1 -1 -1 4 0
23 LN -1 -1 -1 -1 4 1
24 IN 25 28 0 0.5 2 -1
25 IN 26 27 4 7.5 3 -1
26 LN -1 -1 -1 -1 4 1
27 LN -1 -1 -1 -1 4 1
28 IN 29 30 1 0.5 3 -1
29 LN -1 -1 -1 -1 4 0
30 LN -1 -1 -1 -1 4 1

[TREE 26]
NB_NODES: 31
0 IN 1 16 0 0.5 0 -1
1 IN 2 9 5 7.5 1 -1
2 IN 3 6 4 6.5 2 -1
3 IN 4 5 2 8.5 3 -1
4 LN -1 -1 -1 -1 4 0
5 LN -1 -1 -1 -1 4 0
6 IN 7 8 3 8.5 3 -1
7 LN -1 -1 -1 -1 4 0
8 LN -1 -1 -1 -1 4 1
9 IN 10 13 1 0.5 2 -1
10 IN 11 12 2 8.5 3 -1
11 LN -1 -1 -1 -1 4 0
12 LN -1 -1 -1 -1 4 1
13 IN 14 15 6 0.5 3 -1
14 LN -1 -1 -1 -1 4 1
15 LN -1 -1 -1 -1 4 1
16 IN 17 24 5 7.5 1 -1
17 IN 18 21 2 8.5 2 -1
18 IN 19 20 3 5.5 3 -1
19 LN -1 -1 -1 -1 4 0
20 LN -1 -1 -1 -1 4 0
21 IN 22 23 6 3.5 3 -1
22 LN -1 -1 -1 -1 4 1
23 LN -1 -1 -1 -1 4 0
24 IN 25 28 0 2.5 2 -1
25 IN 26 27 2 8.5 3 -1
26 LN -1 -1 -1 -1 4 0
27 LN -1 -1 -1 -1 4 1
28 IN 29 30 0 4.5 3 -1
29 LN -1 -1 -1 -1 4 0
30 LN -1 -1 -1 -1 4 0

[TREE 27]
NB_NODES: 31
0 IN 1 16 2 8.5 0 -1
1 IN 2 9 5 7.5 1 -1
2 IN 3 6 2 5.5 2 -1
3 IN 4 5 2 2.5 3 -1
4 LN -1 -1 -1 -1 4 0
5 LN -1 -1 -1 -1 4 0
6 IN 7 8 5 6.5 3 -1
7 LN -1 -1 -1 -1 4 0
8 LN -1 -1 -1 -1 4 0
9 IN 10 13 0 4.5 2 -1
10 IN 11 12 2 7.5 3 -1
11 LN -1 -1 -1 -1 4 0
12 LN -1 -1 -1 -1 4 0
13 IN 14 15 2 3.5 3 -1
14 LN -1 -1 -1 -1 4 0
15 LN -1 -1 -1 -1 4 0
16 IN 17 24 5 6.5 1 -1
17 IN 18 21 7 3.5 2 -1
18 IN 19 20 6 3.5 3 -1
19 LN -1 -1 -1 -1 4 0
20 LN -1 -1 -1 -1 4 1
21 IN 22 23 5 5.5 3 -1
22 LN -1 -1 -1 -1 4 0
23 LN -1 -1 -1 -1 4 0
24 IN 25 28 0 0.5 2 -1
25 IN 26 27 5 7.5 3 -1
26 LN -1 -1 -1 -1 4 1
27 LN -1 -1 -1 -1 4 1
28 IN 29 30 3 7.5 3 -1
29 LN -1 -1 -1 -1 4 0
30 LN -1 -1 -1 -1 4 1

[TREE 28]
NB_NODES: 29
0 IN 1 16 3 8.5 0 -1
1 IN 2 9 5 7.5 1 -1
2 IN 3 6 2 8.5 2 -1
3 IN 4 5 3 5.5 3 -1
4 LN -1 -1 -1 -1 4 0
5 LN -1 -1 -1 -1 4 0
6 IN 7 8 5 6.5 3 -1
7 LN -1 -1 -1 -1 4 0
8 LN -1 -1 -1 -1 4 1
9 IN 10 13 2 7.5 2 -1
10 IN 11 12 0 4.5 3 -1
11 LN -1 -1 -1 -1 4 0
12 LN -1 -1 -1 -1 4 0
13 IN 14 15 1 2.5 3 -1
14 LN -1 -1 -1 -1 4 0
15 LN -1 -1 -1 -1 4 0
16 IN 17 22 5 6.5 1 -1
17 IN 18 21 1 1.5 2 -1
18 IN 19 20 0 0.5 3 -1
19 LN -1 -1 -1 -1 4 0
20 LN -1 -1 -1 -1 4 0
21 LN -1 -1 -1 -1 3 1
22 IN 23 26 0 0.5 2 -1
23 IN 24 25 5 7.5 3 -1
24 LN -1 -1 -1 -1 4 1
25 LN -1 -1 -1 -1 4 1
26 IN 27 28 0 3.0 3 -1
27 LN -1 -1 -1 -1 4 1
28 LN -1 -1 -1 -1 4 0

[TREE 29]
NB_NODES: 29
0 IN 1 14 0 0.5 0 -1
1 IN 2 7 5 6.5 1 -1
2 IN 3 4 2 8.5 2 -1
3 LN -1 -1 -1 -1 3 0
4 IN 5 6 7 8.5 3 -1
5 LN -1 -1 -1 -1 4 0
6 LN -1 -1 -1 -1 4 0
7 IN 8 11 3 8.5 2 -1
8 IN 9 10 1 2.5 3 -1
9 LN -1 -1 -1 -1 4 0
10 LN -1 -1 -1 -1 4 1
11 IN 12 13 4 7.5 3 -1
12 LN -1 -1 -1 -1 4 1
13 LN -1 -1 -1 -1 4 1
14 IN 15 22 2 8.5 1 -1
15 IN 16 19 2 6.5 2 -1
16 IN 17 18 2 5.5 3 -1
17 LN -1 -1 -1 -1 4 0
18 LN -1 -1 -1 -1 4 0
19 IN 20 21 5 7.5 3 -1
20 LN -1 -1 -1 -1 4 0
21 LN -1 -1 -1 -1 4 0
22 IN 23 26 6 3.5 2 -1
23 IN 24 25 6 0.5 3 -1
24 LN -1 -1 -1 -1 4 1
25 LN -1 -1 -1 -1 4 1
26 IN 27 28 5 6.5 3 -1
27 LN -1 -1 -1 -1 4 0
28 LN -1 -1 -1 -1 4 1

[TREE 30]
NB_NODES: 29
0 IN 1 16 3 8.5 0 -1
1 IN 2 9 4 7.5 1 -1
2 IN 3 6 3 5.5 2 -1
3 IN 4 5 5 5.5 3 -1
4 LN -1 -1 -1 -1 4 0
5 LN -1 -1 -1 -1 4 0
6 IN 7 8 4 5.5 3 -1
7 LN -1 -1 -1 -1 4 0
8 LN -1 -1 -1 -1 4 0
9 IN 10 13 2 8.5 2 -1
10 IN 11 12 1 0.5 3 -1
11 LN -1 -1 -1 -1 4 0
12 LN -1 -1 -1 -1 4 0
13 IN 14 15 1 2.5 3 -1
14 LN -1 -1 -1 -1 4 0
15 LN -1 -1 -1 -1 4 1
16 IN 17 24 4 6.5 1 -1
17 IN 18 21 5 5.5 2 -1
18 IN 19 20 2 8.5 3 -1
19 LN -1 -1 -1 -1 4 0
20 LN -1 -1 -1 -1 4 0
21 IN 22 23 2 8.5 3 -1
22 LN -1 -1 -1 -1 4 0
23 LN -1 -1 -1 -1 4 1
24 IN 25 26 2 8.5 2 -1
25 LN -1 -1 -1 -1 3 0
26 IN 27 28 5 7.5 3 -1
27 LN -1 -1 -1 -1 4 1
28 LN -1 -1 -1 -1 4 1

[TREE 31]
NB_NODES: 31
0 IN 1 16 2 8.5 0 -1
1 IN 2 9 2 6.5 1 -1
2 IN 3 6 5 5.5 2 -1
3 IN 4 5 1 3.5 3 -1
4 LN -1 -1 -1 -1 4 0
5 LN -1 -1 -1 -1 4 0
6 IN 7 8 2 3.5 3 -1
7 LN -1 -1 -1 -1 4 0
8 LN -1 -1 -1 -1 4 0
9 IN 10 13 5 7.5 2 -1
10 IN 11 12 4 6.5 3 -1
11 LN -1 -1 -1 -1 4 0
12 LN -1 -1 -1 -1 4 0
13 IN 14 15 1 1.5 3 -1
14 LN -1 -1 -1 -1 4 0
15 LN -1 -1 -1 -1 4 0
16 IN 17 24 5 6.5 1 -1
17 IN 18 21 1 1.5 2 -1
18 IN 19 20 5 4.5 3 -1
19 LN -1 -1 -1 -1 4 0
20 LN -1 -1 -1 -1 4 0
21 IN 22 23 5 3.5 3 -1
22 LN -1 -1 -1 -1 4 0
23 LN -1 -1 -1 -1 4 1
24 IN 25 28 3 8.5 2 -1
25 IN 26 27 6 0.5 3 -1
26 LN -1 -1 -1 -1 4 1
27 LN -1 -1 -1 -1 4 1
28 IN 29 30 6 1.5 3 -1
29 LN -1 -1 -1 -1 4 1
30 LN -1 -1 -1 -1 4 1

[TREE 32]
NB_NODES: 31
0 IN 1 16 2 8.5 0 -1
1 IN 2 9 2 6.5 1 -1
2 IN 3 6 5 5.5 2 -1
3 IN 4 5 2 5.5 3 -1
4 LN -1 -1 -1 -1 4 0
5 LN -1 -1 -1 -1 4 0
6 IN 7 8 2 3.5 3 -1
7 LN -1 -1 -1 -1 4 0
8 LN -1 -1 -1 -1 4 0
9 IN 10 13 5 7.5 2 -1
10 IN 11 12 7 2.5 3 -1
11 LN -1 -1 -1 -1 4 0
12 LN -1 -1 -1 -1 4 0
13 IN 14 15 0 2.5 3 -1
14 LN -1 -1 -1 -1 4 0
15 LN -1 -1 -1 -1 4 0
16 IN 17 24 4 6.5 1 -1
17 IN 18 21 5 6.5 2 -1
18 IN 19 20 5 3.5 3 -1
19 LN -1 -1 -1 -1 4 0
20 LN -1 -1 -1 -1 4 0
21 IN 22 23 0 2.5 3 -1
22 LN -1 -1 -1 -1 4 1
23 LN -1 -1 -1 -1 4 0
24 IN 25 28 1 6.5 2 -1
25 IN 26 27 0 0.5 3 -1
26 LN -1 -1 -1 -1 4 1
27 LN -1 -1 -1 -1 4 1
28 IN 29 30 0 0.5 3 -1
29 LN -1 -1 -1 -1 4 1
30 LN -1 -1 -1 -1 4 0

[TREE 33]
NB_NODES: 31
0 IN 1 16 2 8.5 0 -1
1 IN 2 9 2 6.5 1 -1
2 IN 3 6 3 3.5 2 -1
3 IN 4 5 1 3.5 3 -1
4 LN -1 -1 -1 -1 4 0
5 LN -1 -1 -1 -1 4 0
6 IN 7 8 5 5.5 3 -1
7 LN -1 -1 -1 -1 4 0
8 LN -1 -1 -1 -1 4 0
9 IN 10 13 4 7.5 2 -1
10 IN 11 12 7 2.5 3 -1
11 LN -1 -1 -1 -1 4 0
12 LN -1 -1 -1 -1 4 0
13 IN 14 15 1 2.5 3 -1
14 LN -1 -1 -1 -1 4 0
15 LN -1 -1 -1 -1 4 0
16 IN 17 24 5 6.5 1 -1
17 IN 18 21 0 1.5 2 -1
18 IN 19 20 7 8.5 3 -1
19 LN -1 -1 -1 -1 4 0
20 LN -1 -1 -1 -1 4 0
21 IN 22 23 7 7.5 3 -1
22 LN -1 -1 -1 -1 4 0
23 LN -1 -1 -1 -1 4 1
24 IN 25 28 3 8.5 2 -1
25 IN 26 27 4 8.5 3 -1
26 LN -1 -1 -1 -1 4 1
27 LN -1 -1 -1 -1 4 1
28 IN 29 30 4 7.5 3 -1
29 LN -1 -1 -1 -1 4 1
30 LN -1 -1 -1 -1 4 1

[TREE 34]
NB_NODES: 31
0 IN 1 16 2 8.5 0 -1
1 IN 2 9 5 7.5 1 -1
2 IN 3 6 3 5.5 2 -1
3 IN 4 5 2 5.5 3 -1
4 LN -1 -1 -1 -1 4 0
5 LN -1 -1 -1 -1 4 0
6 IN 7 8 1 3.5 3 -1
7 LN -1 -1 -1 -1 4 0
8 LN -1 -1 -1 -1 4 0
9 IN 10 13 0 4.5 2 -1
10 IN 11 12 1 6.5 3 -1
11 LN -1 -1 -1 -1 4 0
12 LN -1 -1 -1 -1 4 0
13 IN 14 15 2 6.5 3 -1
14 LN -1 -1 -1 -1 4 0
15 LN -1 -1 -1 -1 4 0
16 IN 17 24 4 6.5 1 -1
17 IN 18 21 4 1.5 2 -1
18 IN 19 20 1 3.5 3 -1
19 LN -1 -1 -1 -1 4 0
20 LN -1 -1 -1 -1 4 0
21 IN 22 23 1 2.5 3 -1
22 LN -1 -1 -1 -1 4 0
23 LN -1 -1 -1 -1 4 0
24 IN 25 28 3 8.5 2 -1
25 IN 26 27 1 1.5 3 -1
26 LN -1 -1 -1 -1 4 0
27 LN -1 -1 -1 -1 4 1
28 IN 29 30 5 7.5 3 -1
29 LN -1 -1 -1 -1 4 1
30 LN -1 -1 -1 -1 4 1

[TREE 35]
NB_NODES: 31
0 IN 1 16 2 8.5 0 -1
1 IN 2 9 5 7.5 1 -1
2 IN 3 6 2 4.5 2 -1
3 IN 4 5 2 3.5 3 -1
4 LN -1 -1 -1 -1 4 0
5 LN -1 -1 -1 -1 4 0
6 IN 7 8 6 2.5 3 -1
7 LN -1 -1 -1 -1 4 0
8 LN -1 -1 -1 -1 4 0
9 IN 10 13 0 2.5 2 -1
10 IN 11 12 2 7.5 3 -1
11 LN -1 -1 -1 -1 4 0
12 LN -1 -1 -1 -1 4 0
13 IN 14 15 2 6.5 3 -1
14 LN -1 -1 -1 -1 4 0
15 LN -1 -1 -1 -1 4 0
16 IN 17 24 5 6.5 1 -1
17 IN 18 21 5 3.5 2 -1
18 IN 19 20 5 0.5 3 -1
19 LN -1 -1 -1 -1 4 0
20 LN -1 -1 -1 -1 4 0
21 IN 22 23 6 5.5 3 -1
22 LN -1 -1 -1 -1 4 0
23 LN -1 -1 -1 -1 4 1
24 IN 25 28 3 8.5 2 -1
25 IN 26 27 3 7.5 3 -1
26 LN -1 -1 -1 -1 4 0
27 LN -1 -1 -1 -1 4 1
28 IN 29 30 4 7.5 3 -1
29 LN -1 -1 -1 -1 4 1
30 LN -1 -1 -1 -1 4 1

[TREE 36]
NB_NODES: 29
0 IN 1 16 3 8.5 0 -1
1 IN 2 9 2 8.5 1 -1
2 IN 3 6 0 4.5 2 -1
3 IN 4 5 5 7.5 3 -1
4 LN -1 -1 -1 -1 4 0
5 LN -1 -1 -1 -1 4 0
6 IN 7 8 2 7.5 3 -1
7 LN -1 -1 -1 -1 4 0
8 LN -1 -1 -1 -1 4 0
9 IN 10 13 6 2.5 2 -1
10 IN 11 12 1 4.5 3 -1
11 LN -1 -1 -1 -1 4 0
12 LN -1 -1 -1 -1 4 1
13 IN 14 15 6 3.5 3 -1
14 LN -1 -1 -1 -1 4 0
15 LN -1 -1 -1 -1 4 0
16 IN 17 24 4 6.5 1 -1
17 IN 18 21 1 1.5 2 -1
18 IN 19 20 5 5.5 3 -1
19 LN -1 -1 -1 -1 4 0
20 LN -1 -1 -1 -1 4 0
21 IN 22 23 1 2.5 3 -1
22 LN -1 -1 -1 -1 4 1
23 LN -1 -1 -1 -1 4 1
24 IN 25 26 2 8.5 2 -1
25 LN -1 -1 -1 -1 3 0
26 IN 27 28 5 7.5 3 -1
27 LN -1 -1 -1 -1 4 1
28 LN -1 -1 -1 -1 4 1

[TREE 37]
NB_NODES: 31
0 IN 1 16 2 8.5 0 -1
1 IN 2 9 5 7.5 1 -1
2 IN 3 6 2 5.5 2 -1
3 IN 4 5 3 7.5 3 -1
4 LN -1 -1 -1 -1 4 0
5 LN -1 -1 -1 -1 4 0
6 IN 7 8 5 5.5 3 -1
7 LN -1 -1 -1 -1 4 0
8 LN -1 -1 -1 -1 4 0
9 IN 10 13 2 6.5 2 -1
10 IN 11 12 0 2.5 3 -1
11 LN -1 -1 -1 -1 4 0
12 LN -1 -1 -1 -1 4 0
13 IN 14 15 0 2.5 3 -1
14 LN -1 -1 -1 -1 4 0
15 LN -1 -1 -1 -1 4 0
16 IN 17 24 4 6.5 1 -1
17 IN 18 21 1 1.5 2 -1
18 IN 19 20 4 5.5 3 -1
19 LN -1 -1 -1 -1 4 0
20 LN -1 -1 -1 -1 4 0
21 IN 22 23 3 8.5 3 -1
22 LN -1 -1 -1 -1 4 0
23 LN -1 -1 -1 -1 4 1
24 IN 25 28 3 8.5 2 -1
25 IN 26 27 3 3.5 3 -1
26 LN -1 -1 -1 -1 4 1
27 LN -1 -1 -1 -1 4 1
28 IN 29 30 5 6.5 3 -1
29 LN -1 -1 -1 -1 4 0
30 LN -1 -1 -1 -1 4 1

[TREE 38]
NB_NODES: 29
0 IN 1 16 3 8.5 0 -1
1 IN 2 9 5 7.5 1 -1
2 IN 3 6 3 5.5 2 -1
3 IN 4 5 2 8.5 3 -1
4 LN -1 -1 -1 -1 4 0
5 LN -1 -1 -1 -1 4 0
6 IN 7 8 5 6.5 3 -1
7 LN -1 -1 -1 -1 4 0
8 LN -1 -1 -1 -1 4 0
9 IN 10 13 2 7.5 2 -1
10 IN 11 12 1 8.5 3 -1
11 LN -1 -1 -1 -1 4 0
12 LN -1 -1 -1 -1 4 0
13 IN 14 15 3 7.5 3 -1
14 LN -1 -1 -1 -1 4 0
15 LN -1 -1 -1 -1 4 1
16 IN 17 24 7 2.5 1 -1
17 IN 18 21 5 7.5 2 -1
18 IN 19 20 2 8.5 3 -1
19 LN -1 -1 -1 -1 4 0
20 LN -1 -1 -1 -1 4 1
21 IN 22 23 2 8.5 3 -1
22 LN -1 -1 -1 -1 4 0
23 LN -1 -1 -1 -1 4 1
24 IN 25 28 5 6.5 2 -1
25 IN 26 27 2 8.5 3 -1
26 LN -1 -1 -1 -1 4 0
27 LN -1 -1 -1 -1 4 0
28 LN -1 -1 -1 -1 3 1

[TREE 39]
NB_NODES: 31
0 IN 1 16 0 0.5 0 -1
1 IN 2 9 5 6.5 1 -1
2 IN 3 6 5 3.5 2 -1
3 IN 4 5 1 2.5 3 -1
4 LN -1 -1 -1 -1 4 0
5 LN -1 -1 -1 -1 4 0
6 IN 7 8 1 2.5 3 -1
7 LN -1 -1 -1 -1 4 0
8 LN -1 -1 -1 -1 4 0
9 IN 10 13 4 7.5 2 -1
10 IN 11 12 2 8.5 3 -1
11 LN -1 -1 -1 -1 4 0
12 LN -1 -1 -1 -1 4 1
13 IN 14 15 2 8.5 3 -1
14 LN -1 -1 -1 -1 4 0
15 LN -1 -1 -1 -1 4 1
16 IN 17 24 6 1.5 1 -1
17 IN 18 21 3 7.5 2 -1
18 IN 19 20 2 6.5 3 -1
19 LN -1 -1 -1 -1 4 0
20 LN -1 -1 -1 -1 4 0
21 IN 22 23 3 8.5 3 -1
22 LN -1 -1 -1 -1 4 0
23 LN -1 -1 -1 -1 4 1
24 IN 25 28 0 2.5 2 -1
25 IN 26 27 2 8.5 3 -1
26 LN -1 -1 -1 -1 4 0
27 LN -1 -1 -1 -1 4 0
28 IN 29 30 2 6.5 3 -1
29 LN -1 -1 -1 -1 4 0
30 LN -1 -1 -1 -1 4 0

[TREE 40]
NB_NODES: 29
0 IN 1 16 5 7.5 0 -1
1 IN 2 9 3 8.5 1 -1
2 IN 3 6 2 8.5 2 -1
3 IN 4 5 5 6.5 3 -1
4 LN -1 -1 -1 -1 4 0
5 LN -1 -1 -1 -1 4 0
6 IN 7 8 1 1.5 3 -1
7 LN -1 -1 -1 -1 4 0
8 LN -1 -1 -1 -1 4 0
9 IN 10 13 7 3.5 2 -1
10 IN 11 12 1 0.5 3 -1
11 LN -1 -1 -1 -1 4 0
12 LN -1 -1 -1 -1 4 1
13 IN 14 15 2 8.5 3 -1
14 LN -1 -1 -1 -1 4 0
15 LN -1 -1 -1 -1 4 0
16 IN 17 22 0 0.5 1 -1
17 IN 18 19 2 8.5 2 -1
18 LN -1 -1 -1 -1 3 0
19 IN 20 21 3 8.5 3 -1
20 LN -1 -1 -1 -1 4 1
21 LN -1 -1 -1 -1 4 1
22 IN 23 26 1 5.5 2 -1
23 IN 24 25 3 7.5 3 -1
24 LN -1 -1 -1 -1 4 0
25 LN -1 -1 -1 -1 4 0
26 IN 27 28 2 6.5 3 -1
27 LN -1 -1 -1 -1 4 0
28 LN -1 -1 -1 -1 4 0

[TREE 41]
NB_NODES: 31
0 IN 1 16 2 8.5 0 -1
1 IN 2 9 2 6.5 1 -1
2 IN 3 6 2 4.5 2 -1
3 IN 4 5 6 6.5 3 -1
4 LN -1 -1 -1 -1 4 0
5 LN -1 -1 -1 -1 4 0
6 IN 7 8 4 7.5 3 -1
7 LN -1 -1 -1 -1 4 0
8 LN -1 -1 -1 -1 4 0
9 IN 10 13 7 1.5 2 -1
10 IN 11 12 1 2.5 3 -1
11 LN -1 -1 -1 -1 4 0
12 LN -1 -1 -1 -1 4 0
13 IN 14 15 4 6.5 3 -1
14 LN -1 -1 -1 -1 4 0
15 LN -1 -1 -1 -1 4 0
16 IN 17 24 5 6.5 1 -1
17 IN 18 21 1 1.5 2 -1
18 IN 19 20 4 4.5 3 -1
19 LN -1 -1 -1 -1 4 0
20 LN -1 -1 -1 -1 4 0
21 IN 22 23 0 0.5 3 -1
22 LN -1 -1 -1 -1 4 0
23 LN -1 -1 -1 -1 4 0
24 IN 25 28 1 6.5 2 -1
25 IN 26 27 0 0.5 3 -1
26 LN -1 -1 -1 -1 4 1
27 LN -1 -1 -1 -1 4 1
28 IN 29 30 0 0.5 3 -1
29 LN -1 -1 -1 -1 4 1
30 LN -1 -1 -1 -1 4 0

[TREE 42]
NB_NODES: 31
0 IN 1 16 0 0.5 0 -1
1 IN 2 9 4 7.5 1 -1
2 IN 3 6 3 8.5 2 -1
3 IN 4 5 1 2.5 3 -1
4 LN -1 -1 -1 -1 4 0
5 LN -1 -1 -1 -1 4 0
6 IN 7 8 4 6.5 3 -1
7 LN -1 -1 -1 -1 4 0
8 LN -1 -1 -1 -1 4 1
9 IN 10 13 5 7.5 2 -1
10 IN 11 12 3 8.5 3 -1
11 LN -1 -1 -1 -1 4 0
12 LN -1 -1 -1 -1 4 1
13 IN 14 15 2 8.5 3 -1
14 LN -1 -1 -1 -1 4 0
15 LN -1 -1 -1 -1 4 1
16 IN 17 24 2 8.5 1 -1
17 IN 18 21 2 6.5 2 -1
18 IN 19 20 3 5.5 3 -1
19 LN -1 -1 -1 -1 4 0
20 LN -1 -1 -1 -1 4 0
21 IN 22 23 7 1.5 3 -1
22 LN -1 -1 -1 -1 4 0
23 LN -1 -1 -1 -1 4 0
24 IN 25 28 5 6.5 2 -1
25 IN 26 27 1 0.5 3 -1
26 LN -1 -1 -1 -1 4 0
27 LN -1 -1 -1 -1 4 0
28 IN 29 30 3 7.5 3 -1
29 LN -1 -1 -1 -1 4 0
30 LN -1 -1 -1 -1 4 1

[TREE 43]
NB_NODES: 31
0 IN 1 16 2 8.5 0 -1
1 IN 2 9 2 6.5 1 -1
2 IN 3 6 2 4.5 2 -1
3 IN 4 5 2 2.5 3 -1
4 LN -1 -1 -1 -1 4 0
5 LN -1 -1 -1 -1 4 0
6 IN 7 8 5 5.5 3 -1
7 LN -1 -1 -1 -1 4 0
8 LN -1 -1 -1 -1 4 0
9 IN 10 13 4 7.5 2 -1
10 IN 11 12 5 5.5 3 -1
11 LN -1 -1 -1 -1 4 0
12 LN -1 -1 -1 -1 4 0
13 IN 14 15 1 2.5 3 -1
14 LN -1 -1 -1 -1 4 0
15 LN -1 -1 -1 -1 4 0
16 IN 17 24 5 6.5 1 -1
17 IN 18 21 5 3.5 2 -1
18 IN 19 20 1 2.5 3 -1
19 LN -1 -1 -1 -1 4 0
20 LN -1 -1 -1 -1 4 0
21 IN 22 23 1 0.5 3 -1
22 LN -1 -1 -1 -1 4 0
23 LN -1 -1 -1 -1 4 0
24 IN 25 28 0 0.5 2 -1
25 IN 26 27 5 7.5 3 -1
26 LN -1 -1 -1 -1 4 1
27 LN -1 -1 -1 -1 4 1
28 IN 29 30 1 5.5 3 -1
29 LN -1 -1 -1 -1 4 1
30 LN -1 -1 -1 -1 4 0

[TREE 44]
NB_NODES: 31
0 IN 1 16 2 8.5 0 -1
1 IN 2 9 2 6.5 1 -1
2 IN 3 6 3 3.5 2 -1
3 IN 4 5 2 3.5 3 -1
4 LN -1 -1 -1 -1 4 0
5 LN -1 -1 -1 -1 4 0
6 IN 7 8 2 3.5 3 -1
7 LN -1 -1 -1 -1 4 0
8 LN -1 -1 -1 -1 4 0
9 IN 10 13 1 2.5 2 -1
10 IN 11 12 5 8.5 3 -1
11 LN -1 -1 -1 -1 4 0
12 LN -1 -1 -1 -1 4 0
13 IN 14 15 6 1.5 3 -1
14 LN -1 -1 -1 -1 4 0
15 LN -1 -1 -1 -1 4 0
16 IN 17 24 5 6.5 1 -1
17 IN 18 21 6 3.5 2 -1
18 IN 19 20 3 8.5 3 -1
19 LN -1 -1 -1 -1 4 0
20 LN -1 -1 -1 -1 4 0
21 IN 22 23 5 3.5 3 -1
22 LN -1 -1 -1 -1 4 0
23 LN -1 -1 -1 -1 4 0
24 IN 25 28 3 8.5 2 -1
25 IN 26 27 3 1.5 3 -1
26 LN -1 -1 -1 -1 4 1
27 LN -1 -1 -1 -1 4 1
28 IN 29 30 0 0.5 3 -1
29 LN -1 -1 -1 -1 4 1
30 LN -1 -1 -1 -1 4 1

[TREE 45]
NB_NODES: 29
0 IN 1 14 4 7.5 0 -1
1 IN 2 9 3 8.5 1 -1
2 IN 3 6 2 8.5 2 -1
3 IN 4 5 3 4.5 3 -1
4 LN -1 -1 -1 -1 4 0
5 LN -1 -1 -1 -1 4 0
6 IN 7 8 6 3.5 3 -1
7 LN -1 -1 -1 -1 4 1
8 LN -1 -1 -1 -1 4 0
9 IN 10 11 2 8.5 2 -1
10 LN -1 -1 -1 -1 3 0
11 IN 12 13 4 6.5 3 -1
12 LN -1 -1 -1 -1 4 0
13 LN -1 -1 -1 -1 4 1
14 IN 15 22 2 8.5 1 -1
15 IN 16 19 2 6.5 2 -1
16 IN 17 18 2 3.5 3 -1
17 LN -1 -1 -1 -1 4 0
18 LN -1 -1 -1 -1 4 0
19 IN 20 21 1 1.5 3 -1
20 LN -1 -1 -1 -1 4 0
21 LN -1 -1 -1 -1 4 0
22 IN 23 26 0 0.5 2 -1
23 IN 24 25 3 8.5 3 -1
24 LN -1 -1 -1 -1 4 1
25 LN -1 -1 -1 -1 4 1
26 IN 27 28 3 8.5 3 -1
27 LN -1 -1 -1 -1 4 0
28 LN -1 -1 -1 -1 4 1

[TREE 46]
NB_NODES: 31
0 IN 1 16 2 8.5 0 -1
1 IN 2 9 4 7.5 1 -1
2 IN 3 6 2 5.5 2 -1
3 IN 4 5 1 4.5 3 -1
4 LN -1 -1 -1 -1 4 0
5 LN -1 -1 -1 -1 4 0
6 IN 7 8 1 0.5 3 -1
7 LN -1 -1 -1 -1 4 0
8 LN -1 -1 -1 -1 4 0
9 IN 10 13 3 5.5 2 -1
10 IN 11 12 2 6.5 3 -1
11 LN -1 -1 -1 -1 4 0
12 LN -1 -1 -1 -1 4 0
13 IN 14 15 0 6.5 3 -1
14 LN -1 -1 -1 -1 4 0
15 LN -1 -1 -1 -1 4 0
16 IN 17 24 5 6.5 1 -1
17 IN 18 21 5 3.5 2 -1
18 IN 19 20 1 2.5 3 -1
19 LN -1 -1 -1 -1 4 0
20 LN -1 -1 -1 -1 4 0
21 IN 22 23 7 5.5 3 -1
22 LN -1 -1 -1 -1 4 0
23 LN -1 -1 -1 -1 4 1
24 IN 25 28 3 8.5 2 -1
25 IN 26 27 6 1.5 3 -1
26 LN -1 -1 -1 -1 4 1
27 LN -1 -1 -1 -1 4 1
28 IN 29 30 6 1.5 3 -1
29 LN -1 -1 -1 -1 4 1
30 LN -1 -1 -1 -1 4 1

[TREE 47]
NB_NODES: 29
0 IN 1 16 2 8.5 0 -1
1 IN 2 9 2 6.5 1 -1
2 IN 3 6 2 3.5 2 -1
3 IN 4 5 2 2.5 3 -1
4 LN -1 -1 -1 -1 4 0
5 LN -1 -1 -1 -1 4 0
6 IN 7 8 5 7.5 3 -1
7 LN -1 -1 -1 -1 4 0
8 LN -1 -1 -1 -1 4 0
9 IN 10 13 7 1.5 2 -1
10 IN 11 12 1 2.5 3 -1
11 LN -1 -1 -1 -1 4 0
12 LN -1 -1 -1 -1 4 0
13 IN 14 15 6 2.5 3 -1
14 LN -1 -1 -1 -1 4 0
15 LN -1 -1 -1 -1 4 0
16 IN 17 24 6 2.5 1 -1
17 IN 18 21 0 0.5 2 -1
18 IN 19 20 1 3.5 3 -1
19 LN -1 -1 -1 -1 4 1
20 LN -1 -1 -1 -1 4 1
21 IN 22 23 4 8.5 3 -1
22 LN -1 -1 -1 -1 4 1
23 LN -1 -1 -1 -1 4 0
24 IN 25 28 4 6.5 2 -1
25 IN 26 27 6 6.5 3 -1
26 LN -1 -1 -1 -1 4 0
27 LN -1 -1 -1 -1 4 0
28 LN -1 -1 -1 -1 3 1

[TREE 48]
NB_NODES: 27
0 IN 1 16 3 8.5 0 -1
1 IN 2 9 2 8.5 1 -1
2 IN 3 6 2 7.5 2 -1
3 IN 4 5 0 4.5 3 -1
4 LN -1 -1 -1 -1 4 0
5 LN -1 -1 -1 -1 4 0
6 IN 7 8 5 7.5 3 -1
7 LN -1 -1 -1 -1 4 0
8 LN -1 -1 -1 -1 4 0
9 IN 10 13 7 2.5 2 -1
10 IN 11 12 6 1.5 3 -1
11 LN -1 -1 -1 -1 4 1
12 LN -1 -1 -1 -1 4 1
13 IN 14 15 1 2.5 3 -1
14 LN -1 -1 -1 -1 4 0
15 LN -1 -1 -1 -1 4 0
16 IN 17 22 4 6.5 1 -1
17 IN 18 19 2 8.5 2 -1
18 LN -1 -1 -1 -1 3 0
19 IN 20 21 5 5.5 3 -1
20 LN -1 -1 -1 -1 4 0
21 LN -1 -1 -1 -1 4 0
22 IN 23 24 2 8.5 2 -1
23 LN -1 -1 -1 -1 3 0
24 IN 25 26 4 7.5 3 -1
25 LN -1 -1 -1 -1 4 1
26 LN -1 -1 -1 -1 4 1

[TREE 49]
NB_NODES: 29
0 IN 1 16 3 8.5 0 -1
1 IN 2 9 2 8.5 1 -1
2 IN 3 6 4 7.5 2 -1
3 IN 4 5 2 7.5 3 -1
4 LN -1 -1 -1 -1 4 0
5 LN -1 -1 -1 -1 4 0
6 IN 7 8 2 6.5 3 -1
7 LN -1 -1 -1 -1 4 0
8 LN -1 -1 -1 -1 4 0
9 IN 10 13 7 2.5 2 -1
10 IN 11 12 6 0.5 3 -1
11 LN -1 -1 -1 -1 4 0
12 LN -1 -1 -1 -1 4 1
13 IN 14 15 5 6.5 3 -1
14 LN -1 -1 -1 -1 4 0
15 LN -1 -1 -1 -1 4 1
16 IN 17 24 4 6.5 1 -1
17 IN 18 21 7 3.5 2 -1
18 IN 19 20 2 8.5 3 -1
19 LN -1 -1 -1 -1 4 0
20 LN -1 -1 -1 -1 4 0
21 IN 22 23 0 0.5 3 -1
22 LN -1 -1 -1 -1 4 0
23 LN -1 -1 -1 -1 4 0
24 IN 25 26 2 8.5 2 -1
25 LN -1 -1 -1 -1 3 0
26 IN 27 28 4 7.5 3 -1
27 LN -1 -1 -1 -1 4 1
28 LN -1 -1 -1 -1 4 1

[TREE 50]
NB_NODES: 31
0 IN 1 16 2 8.5 0 -1
1 IN 2 9 7 1.5 1 -1
2 IN 3 6 0 4.5 2 -1
3 IN 4 5 3 2.5 3 -1
4 LN -1 -1 -1 -1 4 0
5 LN -1 -1 -1 -1 4 0
6 IN 7 8 0 5.5 3 -1
7 LN -1 -1 -1 -1 4 0
8 LN -1 -1 -1 -1 4 0
9 IN 10 13 3 5.5 2 -1
10 IN 11 12 2 5.5 3 -1
11 LN -1 -1 -1 -1 4 0
12 LN -1 -1 -1 -1 4 0
13 IN 14 15 1 4.5 3 -1
14 LN -1 -1 -1 -1 4 0
15 LN -1 -1 -1 -1 4 0
16 IN 17 24 5 6.5 1 -1
17 IN 18 21 5 3.5 2 -1
18 IN 19 20 7 7.5 3 -1
19 LN -1 -1 -1 -1 4 0
20 LN -1 -1 -1 -1 4 0
21 IN 22 23 6 5.5 3 -1
22 LN -1 -1 -1 -1 4 0
23 LN -1 -1 -1 -1 4 1
24 IN 25 28 3 8.5 2 -1
25 IN 26 27 4 8.5 3 -1
26 LN -1 -1 -1 -1 4 1
27 LN -1 -1 -1 -1 4 1
28 IN 29 30 4 7.5 3 -1
29 LN -1 -1 -1 -1 4 1
30 LN -1 -1 -1 -1 4 1

[TREE 51]
NB_NODES: 31
0 IN 1 16 2 8.5 0 -1
1 IN 2 9 2 5.5 1 -1
2 IN 3 6 2 3.5 2 -1
3 IN 4 5 1 7.5 3 -1
4 LN -1 -1 -1 -1 4 0
5 LN -1 -1 -1 -1 4 0
6 IN 7 8 4 7.5 3 -1
7 LN -1 -1 -1 -1 4 0
8 LN -1 -1 -1 -1 4 0
9 IN 10 13 7 1.5 2 -1
10 IN 11 12 1 2.5 3 -1
11 LN -1 -1 -1 -1 4 0
12 LN -1 -1 -1 -1 4 0
13 IN 14 15 4 6.5 3 -1
14 LN -1 -1 -1 -1 4 0
15 LN -1 -1 -1 -1 4 0
16 IN 17 24 5 6.5 1 -1
17 IN 18 21 1 1.5 2 -1
18 IN 19 20 5 4.5 3 -1
19 LN -1 -1 -1 -1 4 0
20 LN -1 -1 -1 -1 4 0
21 IN 22 23 3 8.5 3 -1
22 LN -1 -1 -1 -1 4 0
23 LN -1 -1 -1 -1 4 1
24 IN 25 28 3 8.5 2 -1
25 IN 26 27 1 1.5 3 -1
26 LN -1 -1 -1 -1 4 0
27 LN -1 -1 -1 -1 4 1
28 IN 29 30 4 7.5 3 -1
29 LN -1 -1 -1 -1 4 1
30 LN -1 -1 -1 -1 4 1

[TREE 52]
NB_NODES: 31
0 IN 1 16 2 8.5 0 -1
1 IN 2 9 4 7.5 1 -1
2 IN 3 6 2 5.5 2 -1
3 IN 4 5 5 7.5 3 -1
4 LN -1 -1 -1 -1 4 0
5 LN -1 -1 -1 -1 4 0
6 IN 7 8 7 2.5 3 -1
7 LN -1 -1 -1 -1 4 0
8 LN -1 -1 -1 -1 4 0
9 IN 10 13 1 8.5 2 -1
10 IN 11 12 0 4.5 3 -1
11 LN -1 -1 -1 -1 4 0
12 LN -1 -1 -1 -1 4 0
13 IN 14 15 2 7.5 3 -1
14 LN -1 -1 -1 -1 4 0
15 LN -1 -1 -1 -1 4 0
16 IN 17 24 5 6.5 1 -1
17 IN 18 21 1 2.5 2 -1
18 IN 19 20 7 3.5 3 -1
19 LN -1 -1 -1 -1 4 0
20 LN -1 -1 -1 -1 4 0
21 IN 22 23 3 8.5 3 -1
22 LN -1 -1 -1 -1 4 0
23 LN -1 -1 -1 -1 4 1
24 IN 25 28 0 0.5 2 -1
25 IN 26 27 3 8.5 3 -1
26 LN -1 -1 -1 -1 4 1
27 LN -1 -1 -1 -1 4 1
28 IN 29 30 1 6.5 3 -1
29 LN -1 -1 -1 -1 4 1
30 LN -1 -1 -1 -1 4 0

[TREE 53]
NB_NODES: 31
0 IN 1 16 3 8.5 0 -1
1 IN 2 9 2 8.5 1 -1
2 IN 3 6 2 5.5 2 -1
3 IN 4 5 5 7.5 3 -1
4 LN -1 -1 -1 -1 4 0
5 LN -1 -1 -1 -1 4 0
6 IN 7 8 6 1.5 3 -1
7 LN -1 -1 -1 -1 4 0
8 LN -1 -1 -1 -1 4 0
9 IN 10 13 5 6.5 2 -1
10 IN 11 12 7 7.5 3 -1
11 LN -1 -1 -1 -1 4 0
12 LN -1 -1 -1 -1 4 0
13 IN 14 15 3 0.5 3 -1
14 LN -1 -1 -1 -1 4 1
15 LN -1 -1 -1 -1 4 1
16 IN 17 24 5 6.5 1 -1
17 IN 18 21 1 1.5 2 -1
18 IN 19 20 5 5.5 3 -1
19 LN -1 -1 -1 -1 4 0
20 LN -1 -1 -1 -1 4 0
21 IN 22 23 1 2.5 3 -1
22 LN -1 -1 -1 -1 4 1
23 LN -1 -1 -1 -1 4 1
24 IN 25 28 0 0.5 2 -1
25 IN 26 27 5 7.5 3 -1
26 LN -1 -1 -1 -1 4 1
27 LN -1 -1 -1 -1 4 1
28 IN 29 30 2 8.5 3 -1
29 LN -1 -1 -1 -1 4 0
30 LN -1 -1 -1 -1 4 1

[TREE 54]
NB_NODES: 31
0 IN 1 16 2 8.5 0 -1
1 IN 2 9 4 7.5 1 -1
2 IN 3 6 2 5.5 2 -1
3 IN 4 5 2 2.5 3 -1
4 LN -1 -1 -1 -1 4 0
5 LN -1 -1 -1 -1 4 0
6 IN 7 8 5 5.5 3 -1
7 LN -1 -1 -1 -1 4 0
8 LN -1 -1 -1 -1 4 0
9 IN 10 13 2 7.5 2 -1
10 IN 11 12 3 2.5 3 -1
11 LN -1 -1 -1 -1 4 0
12 LN -1 -1 -1 -1 4 0
13 IN 14 15 0 2.5 3 -1
14 LN -1 -1 -1 -1 4 0
15 LN -1 -1 -1 -1 4 0
16 IN 17 24 5 6.5 1 -1
17 IN 18 21 1 1.5 2 -1
18 IN 19 20 5 3.5 3 -1
19 LN -1 -1 -1 -1 4 0
20 LN -1 -1 -1 -1 4 0
21 IN 22 23 7 6.5 3 -1
22 LN -1 -1 -1 -1 4 1
23 LN -1 -1 -1 -1 4 0
24 IN 25 28 3 8.5 2 -1
25 IN 26 27 7 0.5 3 -1
26 LN -1 -1 -1 -1 4 1
27 LN -1 -1 -1 -1 4 1
28 IN 29 30 5 7.5 3 -1
29 LN -1 -1 -1 -1 4 1
30 LN -1 -1 -1 -1 4 1

[TREE 55]
NB_NODES: 29
0 IN 1 16 3 8.5 0 -1
1 IN 2 9 2 8.5 1 -1
2 IN 3 6 2 7.5 2 -1
3 IN 4 5 5 7.5 3 -1
4 LN -1 -1 -1 -1 4 0
5 LN -1 -1 -1 -1 4 0
6 IN 7 8 7 2.5 3 -1
7 LN -1 -1 -1 -1 4 0
8 LN -1 -1 -1 -1 4 0
9 IN 10 13 6 2.5 2 -1
10 IN 11 12 5 6.0 3 -1
11 LN -1 -1 -1 -1 4 0
12 LN -1 -1 -1 -1 4 1
13 IN 14 15 5 2.5 3 -1
14 LN -1 -1 -1 -1 4 0
15 LN -1 -1 -1 -1 4 0
16 IN 17 24 4 6.5 1 -1
17 IN 18 21 5 6.5 2 -1
18 IN 19 20 1 2.5 3 -1
19 LN -1 -1 -1 -1 4 0
20 LN -1 -1 -1 -1 4 1
21 IN 22 23 6 2.5 3 -1
22 LN -1 -1 -1 -1 4 0
23 LN -1 -1 -1 -1 4 1
24 IN 25 26 2 8.5 2 -1
25 LN -1 -1 -1 -1 3 0
26 IN 27 28 6 1.5 3 -1
27 LN -1 -1 -1 -1 4 1
28 LN -1 -1 -1 -1 4 1

[TREE 56]
NB_NODES: 27
0 IN 1 12 0 0.5 0 -1
1 IN 2 7 4 6.5 1 -1
2 IN 3 4 2 8.5 2 -1
3 LN -1 -1 -1 -1 3 0
4 IN 5 6 7 3.5 3 -1
5 LN -1 -1 -1 -1 4 0
6 LN -1 -1 -1 -1 4 0
7 IN 8 9 2 8.5 2 -1
8 LN -1 -1 -1 -1 3 0
9 IN 10 11 3 8.5 3 -1
10 LN -1 -1 -1 -1 4 1
11 LN -1 -1 -1 -1 4 1
12 IN 13 20 2 8.5 1 -1
13 IN 14 17 0 3.5 2 -1
14 IN 15 16 4 7.5 3 -1
15 LN -1 -1 -1 -1 4 0
16 LN -1 -1 -1 -1 4 0
17 IN 18 19 0 4.5 3 -1
18 LN -1 -1 -1 -1 4 0
19 LN -1 -1 -1 -1 4 0
20 IN 21 24 4 6.5 2 -1
21 IN 22 23 1 5.5 3 -1
22 LN -1 -1 -1 -1 4 0
23 LN -1 -1 -1 -1 4 0
24 IN 25 26 6 0.5 3 -1
25 LN -1 -1 -1 -1 4 1
26 LN -1 -1 -1 -1 4 1

[TREE 57]
NB_NODES: 31
0 IN 1 16 3 8.5 0 -1
1 IN 2 9 2 8.5 1 -1
2 IN 3 6 2 6.5 2 -1
3 IN 4 5 2 5.5 3 -1
4 LN -1 -1 -1 -1 4 0
5 LN -1 -1 -1 -1 4 0
6 IN 7 8 5 7.5 3 -1
7 LN -1 -1 -1 -1 4 0
8 LN -1 -1 -1 -1 4 0
9 IN 10 13 5 6.5 2 -1
10 IN 11 12 1 2.5 3 -1
11 LN -1 -1 -1 -1 4 0
12 LN -1 -1 -1 -1 4 0
13 IN 14 15 6 0.5 3 -1
14 LN -1 -1 -1 -1 4 1
15 LN -1 -1 -1 -1 4 1
16 IN 17 24 5 6.5 1 -1
17 IN 18 21 1 1.5 2 -1
18 IN 19 20 1 0.5 3 -1
19 LN -1 -1 -1 -1 4 0
20 LN -1 -1 -1 -1 4 0
21 IN 22 23 4 4.5 3 -1
22 LN -1 -1 -1 -1 4 1
23 LN -1 -1 -1 -1 4 1
24 IN 25 28 4 7.5 2 -1
25 IN 26 27 1 0.5 3 -1
26 LN -1 -1 -1 -1 4 0
27 LN -1 -1 -1 -1 4 1
28 IN 29 30 2 8.5 3 -1
29 LN -1 -1 -1 -1 4 0
30 LN -1 -1 -1 -1 4 1

[TREE 58]
NB_NODES: 31
0 IN 1 16 3 8.5 0 -1
1 IN 2 9 2 8.5 1 -1
2 IN 3 6 0 2.5 2 -1
3 IN 4 5 5 8.5 3 -1
4 LN -1 -1 -1 -1 4 0
5 LN -1 -1 -1 -1 4 0
6 IN 7 8 2 7.5 3 -1
7 LN -1 -1 -1 -1 4 0
8 LN -1 -1 -1 -1 4 0
9 IN 10 13 5 6.5 2 -1
10 IN 11 12 1 5.5 3 -1
11 LN -1 -1 -1 -1 4 0
12 LN -1 -1 -1 -1 4 0
13 IN 14 15 3 7.5 3 -1
14 LN -1 -1 -1 -1 4 0
15 LN -1 -1 -1 -1 4 1
16 IN 17 24 5 6.5 1 -1
17 IN 18 21 2 8.5 2 -1
18 IN 19 20 4 2.5 3 -1
19 LN -1 -1 -1 -1 4 0
20 LN -1 -1 -1 -1 4 0
21 IN 22 23 5 5.5 3 -1
22 LN -1 -1 -1 -1 4 0
23 LN -1 -1 -1 -1 4 0
24 IN 25 28 5 7.5 2 -1
25 IN 26 27 2 8.5 3 -1
26 LN -1 -1 -1 -1 4 0
27 LN -1 -1 -1 -1 4 1
28 IN 29 30 2 8.5 3 -1
29 LN -1 -1 -1 -1 4 0
30 LN -1 -1 -1 -1 4 1

[TREE 59]
NB_NODES: 31
0 IN 1 16 3 8.5 0 -1
1 IN 2 9 7 1.5 1 -1
2 IN 3 6 2 7.5 2 -1
3 IN 4 5 0 4.5 3 -1
4 LN -1 -1 -1 -1 4 0
5 LN -1 -1 -1 -1 4 0
6 IN 7 8 3 7.5 3 -1
7 LN -1 -1 -1 -1 4 0
8 LN -1 -1 -1 -1 4 1
9 IN 10 13 2 8.5 2 -1
10 IN 11 12 3 5.5 3 -1
11 LN -1 -1 -1 -1 4 0
12 LN -1 -1 -1 -1 4 0
13 IN 14 15 5 6.5 3 -1
14 LN -1 -1 -1 -1 4 0
15 LN -1 -1 -1 -1 4 1
16 IN 17 24 5 6.5 1 -1
17 IN 18 21 2 8.5 2 -1
18 IN 19 20 4 1.5 3 -1
19 LN -1 -1 -1 -1 4 0
20 LN -1 -1 -1 -1 4 0
21 IN 22 23 7 5.5 3 -1
22 LN -1 -1 -1 -1 4 0
23 LN -1 -1 -1 -1 4 0
24 IN 25 28 4 7.5 2 -1
25 IN 26 27 2 8.5 3 -1
26 LN -1 -1 -1 -1 4 0
27 LN -1 -1 -1 -1 4 1
28 IN 29 30 0 0.5 3 -1
29 LN -1 -1 -1 -1 4 1
30 LN -1 -1 -1 -1 4 1

[TREE 60]
NB_NODES: 31
0 IN 1 16 2 8.5 0 -1
1 IN 2 9 2 6.5 1 -1
2 IN 3 6 2 4.5 2 -1
3 IN 4 5 2 3.5 3 -1
4 LN -1 -1 -1 -1 4 0
5 LN -1 -1 -1 -1 4 0
6 IN 7 8 3 4.5 3 -1
7 LN -1 -1 -1 -1 4 0
8 LN -1 -1 -1 -1 4 0
9 IN 10 13 5 7.5 2 -1
10 IN 11 12 3 7.5 3 -1
11 LN -1 -1 -1 -1 4 0
12 LN -1 -1 -1 -1 4 0
13 IN 14 15 0 3.5 3 -1
14 LN -1 -1 -1 -1 4 0
15 LN -1 -1 -1 -1 4 0
16 IN 17 24 4 6.5 1 -1
17 IN 18 21 5 6.5 2 -1
18 IN 19 20 0 0.5 3 -1
19 LN -1 -1 -1 -1 4 0
20 LN -1 -1 -1 -1 4 0
21 IN 22 23 0 2.5 3 -1
22 LN -1 -1 -1 -1 4 1
23 LN -1 -1 -1 -1 4 0
24 IN 25 28 3 8.5 2 -1
25 IN 26 27 0 2.5 3 -1
26 LN -1 -1 -1 -1 4 1
27 LN -1 -1 -1 -1 4 1
28 IN 29 30 5 7.5 3 -1
29 LN -1 -1 -1 -1 4 1
30 LN -1 -1 -1 -1 4 1

[TREE 61]
NB_NODES: 29
0 IN 1 16 3 8.5 0 -1
1 IN 2 9 2 8.5 1 -1
2 IN 3 6 7 2.5 2 -1
3 IN 4 5 2 7.5 3 -1
4 LN -1 -1 -1 -1 4 0
5 LN -1 -1 -1 -1 4 0
6 IN 7 8 2 5.5 3 -1
7 LN -1 -1 -1 -1 4 0
8 LN -1 -1 -1 -1 4 0
9 IN 10 13 4 6.5 2 -1
10 IN 11 12 1 4.5 3 -1
11 LN -1 -1 -1 -1 4 0
12 LN -1 -1 -1 -1 4 0
13 IN 14 15 3 7.5 3 -1
14 LN -1 -1 -1 -1 4 0
15 LN -1 -1 -1 -1 4 1
16 IN 17 24 4 6.5 1 -1
17 IN 18 21 2 8.5 2 -1
18 IN 19 20 5 3.5 3 -1
19 LN -1 -1 -1 -1 4 0
20 LN -1 -1 -1 -1 4 0
21 IN 22 23 1 1.5 3 -1
22 LN -1 -1 -1 -1 4 0
23 LN -1 -1 -1 -1 4 1
24 IN 25 26 2 8.5 2 -1
25 LN -1 -1 -1 -1 3 0
26 IN 27 28 5 7.5 3 -1
27 LN -1 -1 -1 -1 4 1
28 LN -1 -1 -1 -1 4 1

[TREE 62]
NB_NODES: 31
0 IN 1 16 2 8.5 0 -1
1 IN 2 9 2 7.5 1 -1
2 IN 3 6 0 4.5 2 -1
3 IN 4 5 4 7.5 3 -1
4 LN -1 -1 -1 -1 4 0
5 LN -1 -1 -1 -1 4 0
6 IN 7 8 5 7.5 3 -1
7 LN -1 -1 -1 -1 4 0
8 LN -1 -1 -1 -1 4 0
9 IN 10 13 5 7.5 2 -1
10 IN 11 12 5 2.5 3 -1
11 LN -1 -1 -1 -1 4 0
12 LN -1 -1 -1 -1 4 0
13 IN 14 15 1 4.5 3 -1
14 LN -1 -1 -1 -1 4 0
15 LN -1 -1 -1 -1 4 0
16 IN 17 24 5 6.5 1 -1
17 IN 18 21 5 5.5 2 -1
18 IN 19 20 6 7.5 3 -1
19 LN -1 -1 -1 -1 4 0
20 LN -1 -1 -1 -1 4 0
21 IN 22 23 0 0.5 3 -1
22 LN -1 -1 -1 -1 4 0
23 LN -1 -1 -1 -1 4 0
24 IN 25 28 3 8.5 2 -1
25 IN 26 27 7 0.5 3 -1
26 LN -1 -1 -1 -1 4 0
27 LN -1 -1 -1 -1 4 1
28 IN 29 30 5 7.5 3 -1
29 LN -1 -1 -1 -1 4 1
30 LN -1 -1 -1 -1 4 1

[TREE 63]
NB_NODES: 31
0 IN 1 16 2 8.5 0 -1
1 IN 2 9 5 7.5 1 -1
2 IN 3 6 3 5.5 2 -1
3 IN 4 5 2 5.5 3 -1
4 LN -1 -1 -1 -1 4 0
5 LN -1 -1 -1 -1 4 0
6 IN 7 8 1 4.5 3 -1
7 LN -1 -1 -1 -1 4 0
8 LN -1 -1 -1 -1 4 0
9 IN 10 13 2 7.5 2 -1
10 IN 11 12 0 4.5 3 -1
11 LN -1 -1 -1 -1 4 0
12 LN -1 -1 -1 -1 4 0
13 IN 14 15 3 7.5 3 -1
14 LN -1 -1 -1 -1 4 0
15 LN -1 -1 -1 -1 4 0
16 IN 17 24 5 6.5 1 -1
17 IN 18 21 5 3.5 2 -1
18 IN 19 20 1 2.5 3 -1
19 LN -1 -1 -1 -1 4 0
20 LN -1 -1 -1 -1 4 0
21 IN 22 23 6 5.5 3 -1
22 LN -1 -1 -1 -1 4 0
23 LN -1 -1 -1 -1 4 1
24 IN 25 28 5 7.5 2 -1
25 IN 26 27 1 6.5 3 -1
26 LN -1 -1 -1 -1 4 1
27 LN -1 -1 -1 -1 4 0
28 IN 29 30 0 0.5 3 -1
29 LN -1 -1 -1 -1 4 1
30 LN -1 -1 -1 -1 4 1

[TREE 64]
NB_NODES: 29
0 IN 1 16 3 8.5 0 -1
1 IN 2 9 5 7.5 1 -1
2 IN 3 6 2 8.5 2 -1
3 IN 4 5 0 4.5 3 -1
4 LN -1 -1 -1 -1 4 0
5 LN -1 -1 -1 -1 4 0
6 IN 7 8 5 6.5 3 -1
7 LN -1 -1 -1 -1 4 0
8 LN -1 -1 -1 -1 4 1
9 IN 10 13 2 7.5 2 -1
10 IN 11 12 3 2.5 3 -1
11 LN -1 -1 -1 -1 4 0
12 LN -1 -1 -1 -1 4 0
13 IN 14 15 1 2.5 3 -1
14 LN -1 -1 -1 -1 4 0
15 LN -1 -1 -1 -1 4 1
16 IN 17 24 5 6.5 1 -1
17 IN 18 21 1 1.5 2 -1
18 IN 19 20 5 5.5 3 -1
19 LN -1 -1 -1 -1 4 0
20 LN -1 -1 -1 -1 4 0
21 IN 22 23 6 5.0 3 -1
22 LN -1 -1 -1 -1 4 1
23 LN -1 -1 -1 -1 4 1
24 IN 25 26 2 8.5 2 -1
25 LN -1 -1 -1 -1 3 0
26 IN 27 28 5 7.5 3 -1
27 LN -1 -1 -1 -1 4 1
28 LN -1 -1 -1 -1 4 1

[TREE 65]
NB_NODES: 31
0 IN 1 16 2 8.5 0 -1
1 IN 2 9 2 5.5 1 -1
2 IN 3 6 0 4.5 2 -1
3 IN 4 5 6 6.5 3 -1
4 LN -1 -1 -1 -1 4 0
5 LN -1 -1 -1 -1 4 0
6 IN 7 8 5 3.5 3 -1
7 LN -1 -1 -1 -1 4 0
8 LN -1 -1 -1 -1 4 0
9 IN 10 13 5 8.5 2 -1
10 IN 11 12 6 2.5 3 -1
11 LN -1 -1 -1 -1 4 0
12 LN -1 -1 -1 -1 4 0
13 IN 14 15 3 6.5 3 -1
14 LN -1 -1 -1 -1 4 0
15 LN -1 -1 -1 -1 4 0
16 IN 17 24 4 6.5 1 -1
17 IN 18 21 1 2.5 2 -1
18 IN 19 20 5 5.5 3 -1
19 LN -1 -1 -1 -1 4 0
20 LN -1 -1 -1 -1 4 0
21 IN 22 23 3 8.5 3 -1
22 LN -1 -1 -1 -1 4 0
23 LN -1 -1 -1 -1 4 1
24 IN 25 28 3 8.5 2 -1
25 IN 26 27 3 1.5 3 -1
26 LN -1 -1 -1 -1 4 1
27 LN -1 -1 -1 -1 4 1
28 IN 29 30 5 7.5 3 -1
29 LN -1 -1 -1 -1 4 1
30 LN -1 -1 -1 -1 4 1

[TREE 66]
NB_NODES: 29
0 IN 1 14 0 0.5 0 -1
1 IN 2 7 5 6.5 1 -1
2 IN 3 4 2 8.5 2 -1
3 LN -1 -1 -1 -1 3 0
4 IN 5 6 1 1.5 3 -1
5 LN -1 -1 -1 -1 4 0
6 LN -1 -1 -1 -1 4 0
7 IN 8 11 2 8.5 2 -1
8 IN 9 10 7 1.5 3 -1
9 LN -1 -1 -1 -1 4 0
10 LN -1 -1 -1 -1 4 0
11 IN 12 13 5 7.5 3 -1
12 LN -1 -1 -1 -1 4 1
13 LN -1 -1 -1 -1 4 1
14 IN 15 22 2 8.5 1 -1
15 IN 16 19 2 7.5 2 -1
16 IN 17 18 2 5.5 3 -1
17 LN -1 -1 -1 -1 4 0
18 LN -1 -1 -1 -1 4 0
19 IN 20 21 5 7.5 3 -1
20 LN -1 -1 -1 -1 4 0
21 LN -1 -1 -1 -1 4 0
22 IN 23 26 7 3.5 2 -1
23 IN 24 25 1 3.5 3 -1
24 LN -1 -1 -1 -1 4 1
25 LN -1 -1 -1 -1 4 1
26 IN 27 28 1 0.5 3 -1
27 LN -1 -1 -1 -1 4 0
28 LN -1 -1 -1 -1 4 0

[TREE 67]
NB_NODES: 31
0 IN 1 16 3 8.5 0 -1
1 IN 2 9 2 8.5 1 -1
2 IN 3 6 2 6.5 2 -1
3 IN 4 5 2 5.5 3 -1
4 LN -1 -1 -1 -1 4 0
5 LN -1 -1 -1 -1 4 0
6 IN 7 8 4 7.5 3 -1
7 LN -1 -1 -1 -1 4 0
8 LN -1 -1 -1 -1 4 0
9 IN 10 13 5 6.5 2 -1
10 IN 11 12 1 2.5 3 -1
11 LN -1 -1 -1 -1 4 0
12 LN -1 -1 -1 -1 4 0
13 IN 14 15 3 7.5 3 -1
14 LN -1 -1 -1 -1 4 0
15 LN -1 -1 -1 -1 4 1
16 IN 17 24 4 6.5 1 -1
17 IN 18 21 5 6.5 2 -1
18 IN 19 20 1 1.5 3 -1
19 LN -1 -1 -1 -1 4 0
20 LN -1 -1 -1 -1 4 1
21 IN 22 23 6 2.5 3 -1
22 LN -1 -1 -1 -1 4 0
23 LN -1 -1 -1 -1 4 1
24 IN 25 28 0 0.5 2 -1
25 IN 26 27 2 8.5 3 -1
26 LN -1 -1 -1 -1 4 0
27 LN -1 -1 -1 -1 4 1
28 IN 29 30 2 8.5 3 -1
29 LN -1 -1 -1 -1 4 0
30 LN -1 -1 -1 -1 4 1

[TREE 68]
NB_NODES: 31
0 IN 1 16 2 8.5 0 -1
1 IN 2 9 2 6.5 1 -1
2 IN 3 6 2 4.5 2 -1
3 IN 4 5 1 2.5 3 -1
4 LN -1 -1 -1 -1 4 0
5 LN -1 -1 -1 -1 4 0
6 IN 7 8 7 4.5 3 -1
7 LN -1 -1 -1 -1 4 0
8 LN -1 -1 -1 -1 4 0
9 IN 10 13 5 7.5 2 -1
10 IN 11 12 5 6.5 3 -1
11 LN -1 -1 -1 -1 4 0
12 LN -1 -1 -1 -1 4 0
13 IN 14 15 1 6.5 3 -1
14 LN -1 -1 -1 -1 4 0
15 LN -1 -1 -1 -1 4 0
16 IN 17 24 4 6.5 1 -1
17 IN 18 21 5 3.5 2 -1
18 IN 19 20 1 2.5 3 -1
19 LN -1 -1 -1 -1 4 0
20 LN -1 -1 -1 -1 4 0
21 IN 22 23 4 4.5 3 -1
22 LN -1 -1 -1 -1 4 0
23 LN -1 -1 -1 -1 4 0
24 IN 25 28 0 0.5 2 -1
25 IN 26 27 4 7.5 3 -1
26 LN -1 -1 -1 -1 4 1
27 LN -1 -1 -1 -1 4 1
28 IN 29 30 6 0.5 3 -1
29 LN -1 -1 -1 -1 4 0
30 LN -1 -1 -1 -1 4 1

[TREE 69]
NB_NODES: 31
0 IN 1 16 2 8.5 0 -1
1 IN 2 9 2 6.5 1 -1
2 IN 3 6 0 5.5 2 -1
3 IN 4 5 2 5.5 3 -1
4 LN -1 -1 -1 -1 4 0
5 LN -1 -1 -1 -1 4 0
6 IN 7 8 4 7.5 3 -1
7 LN -1 -1 -1 -1 4 0
8 LN -1 -1 -1 -1 4 0
9 IN 10 13 1 4.5 2 -1
10 IN 11 12 5 7.5 3 -1
11 LN -1 -1 -1 -1 4 0
12 LN -1 -1 -1 -1 4 0
13 IN 14 15 6 2.5 3 -1
14 LN -1 -1 -1 -1 4 0
15 LN -1 -1 -1 -1 4 0
16 IN 17 24 4 6.5 1 -1
17 IN 18 21 1 1.5 2 -1
18 IN 19 20 6 3.5 3 -1
19 LN -1 -1 -1 -1 4 0
20 LN -1 -1 -1 -1 4 0
21 IN 22 23 1 8.5 3 -1
22 LN -1 -1 -1 -1 4 1
23 LN -1 -1 -1 -1 4 0
24 IN 25 28 3 8.5 2 -1
25 IN 26 27 6 0.5 3 -1
26 LN -1 -1 -1 -1 4 1
27 LN -1 -1 -1 -1 4 1
28 IN 29 30 7 1.5 3 -1
29 LN -1 -1 -1 -1 4 1
30 LN -1 -1 -1 -1 4 1

[TREE 70]
NB_NODES: 31
0 IN 1 16 2 8.5 0 -1
1 IN 2 9 2 6.5 1 -1
2 IN 3 6 7 3.5 2 -1
3 IN 4 5 2 3.5 3 -1
4 LN -1 -1 -1 -1 4 0
5 LN -1 -1 -1 -1 4 0
6 IN 7 8 1 3.5 3 -1
7 LN -1 -1 -1 -1 4 0
8 LN -1 -1 -1 -1 4 0
9 IN 10 13 4 7.5 2 -1
10 IN 11 12 7 2.5 3 -1
11 LN -1 -1 -1 -1 4 0
12 LN -1 -1 -1 -1 4 0
13 IN 14 15 0 2.5 3 -1
14 LN -1 -1 -1 -1 4 0
15 LN -1 -1 -1 -1 4 0
16 IN 17 24 7 2.5 1 -1
17 IN 18 21 0 0.5 2 -1
18 IN 19 20 6 1.5 3 -1
19 LN -1 -1 -1 -1 4 1
20 LN -1 -1 -1 -1 4 1
21 IN 22 23 1 7.5 3 -1
22 LN -1 -1 -1 -1 4 1
23 LN -1 -1 -1 -1 4 0
24 IN 25 28 5 6.5 2 -1
25 IN 26 27 5 3.5 3 -1
26 LN -1 -1 -1 -1 4 0
27 LN -1 -1 -1 -1 4 0
28 IN 29 30 3 7.0 3 -1
29 LN -1 -1 -1 -1 4 0
30 LN -1 -1 -1 -1 4 1

[TREE 71]
NB_NODES: 31
0 IN 1 16 2 8.5 0 -1
1 IN 2 9 5 7.5 1 -1
2 IN 3 6 2 5.5 2 -1
3 IN 4 5 2 3.5 3 -1
4 LN -1 -1 -1 -1 4 0
5 LN -1 -1 -1 -1 4 0
6 IN 7 8 7 2.5 3 -1
7 LN -1 -1 -1 -1 4 0
8 LN -1 -1 -1 -1 4 0
9 IN 10 13 0 4.5 2 -1
10 IN 11 12 3 2.5 3 -1
11 LN -1 -1 -1 -1 4 0
12 LN -1 -1 -1 -1 4 0
13 IN 14 15 2 6.5 3 -1
14 LN -1 -1 -1 -1 4 0
15 LN -1 -1 -1 -1 4 0
16 IN 17 24 5 6.5 1 -1
17 IN 18 21 3 8.5 2 -1
18 IN 19 20 6 4.5 3 -1
19 LN -1 -1 -1 -1 4 0
20 LN -1 -1 -1 -1 4 0
21 IN 22 23 5 3.5 3 -1
22 LN -1 -1 -1 -1 4 0
23 LN -1 -1 -1 -1 4 0
24 IN 25 28 3 8.5 2 -1
25 IN 26 27 3 7.5 3 -1
26 LN -1 -1 -1 -1 4 0
27 LN -1 -1 -1 -1 4 1
28 IN 29 30 4 7.5 3 -1
29 LN -1 -1 -1 -1 4 1
30 LN -1 -1 -1 -1 4 1

[TREE 72]
NB_NODES: 31
0 IN 1 16 3 8.5 0 -1
1 IN 2 9 5 7.5 1 -1
2 IN 3 6 2 8.5 2 -1
3 IN 4 5 4 5.5 3 -1
4 LN -1 -1 -1 -1 4 0
5 LN -1 -1 -1 -1 4 0
6 IN 7 8 7 2.5 3 -1
7 LN -1 -1 -1 -1 4 1
8 LN -1 -1 -1 -1 4 0
9 IN 10 13 2 7.5 2 -1
10 IN 11 12 3 2.5 3 -1
11 LN -1 -1 -1 -1 4 0
12 LN -1 -1 -1 -1 4 0
13 IN 14 15 1 2.5 3 -1
14 LN -1 -1 -1 -1 4 0
15 LN -1 -1 -1 -1 4 1
16 IN 17 24 5 6.5 1 -1
17 IN 18 21 5 5.5 2 -1
18 IN 19 20 1 2.5 3 -1
19 LN -1 -1 -1 -1 4 0
20 LN -1 -1 -1 -1 4 1
21 IN 22 23 0 0.5 3 -1
22 LN -1 -1 -1 -1 4 0
23 LN -1 -1 -1 -1 4 0
24 IN 25 28 4 7.5 2 -1
25 IN 26 27 7 1.5 3 -1
26 LN -1 -1 -1 -1 4 0
27 LN -1 -1 -1 -1 4 1
28 IN 29 30 4 8.5 3 -1
29 LN -1 -1 -1 -1 4 1
30 LN -1 -1 -1 -1 4 1

[TREE 73]
NB_NODES: 31
0 IN 1 16 2 8.5 0 -1
1 IN 2 9 2 5.5 1 -1
2 IN 3 6 2 3.5 2 -1
3 IN 4 5 5 3.5 3 -1
4 LN -1 -1 -1 -1 4 0
5 LN -1 -1 -1 -1 4 0
6 IN 7 8 6 1.5 3 -1
7 LN -1 -1 -1 -1 4 0
8 LN -1 -1 -1 -1 4 0
9 IN 10 13 7 1.5 2 -1
10 IN 11 12 2 6.5 3 -1
11 LN -1 -1 -1 -1 4 0
12 LN -1 -1 -1 -1 4 0
13 IN 14 15 5 5.5 3 -1
14 LN -1 -1 -1 -1 4 0
15 LN -1 -1 -1 -1 4 0
16 IN 17 24 5 6.5 1 -1
17 IN 18 21 5 5.5 2 -1
18 IN 19 20 1 2.5 3 -1
19 LN -1 -1 -1 -1 4 0
20 LN -1 -1 -1 -1 4 1
21 IN 22 23 6 3.5 3 -1
22 LN -1 -1 -1 -1 4 0
23 LN -1 -1 -1 -1 4 1
24 IN 25 28 3 8.5 2 -1
25 IN 26 27 6 3.5 3 -1
26 LN -1 -1 -1 -1 4 1
27 LN -1 -1 -1 -1 4 0
28 IN 29 30 4 7.5 3 -1
29 LN -1 -1 -1 -1 4 1
30 LN -1 -1 -1 -1 4 1

[TREE 74]
NB_NODES: 31
0 IN 1 16 3 8.5 0 -1
1 IN 2 9 0 1.5 1 -1
2 IN 3 6 2 8.5 2 -1
3 IN 4 5 7 0.5 3 -1
4 LN -1 -1 -1 -1 4 0
5 LN -1 -1 -1 -1 4 0
6 IN 7 8 4 5.5 3 -1
7 LN -1 -1 -1 -1 4 0
8 LN -1 -1 -1 -1 4 1
9 IN 10 13 0 4.5 2 -1
10 IN 11 12 2 8.5 3 -1
11 LN -1 -1 -1 -1 4 0
12 LN -1 -1 -1 -1 4 1
13 IN 14 15 2 7.5 3 -1
14 LN -1 -1 -1 -1 4 0
15 LN -1 -1 -1 -1 4 0
16 IN 17 24 7 2.5 1 -1
17 IN 18 21 5 7.5 2 -1
18 IN 19 20 1 0.5 3 -1
19 LN -1 -1 -1 -1 4 0
20 LN -1 -1 -1 -1 4 1
21 IN 22 23 2 8.5 3 -1
22 LN -1 -1 -1 -1 4 0
23 LN -1 -1 -1 -1 4 1
24 IN 25 28 1 1.5 2 -1
25 IN 26 27 7 3.5 3 -1
26 LN -1 -1 -1 -1 4 0
27 LN -1 -1 -1 -1 4 0
28 IN 29 30 5 3.5 3 -1
29 LN -1 -1 -1 -1 4 1
30 LN -1 -1 -1 -1 4 1

[TREE 75]
NB_NODES: 31
0 IN 1 16 2 8.5 0 -1
1 IN 2 9 7 1.5 1 -1
2 IN 3 6 2 7.5 2 -1
3 IN 4 5 2 6.5 3 -1
4 LN -1 -1 -1 -1 4 0
5 LN -1 -1 -1 -1 4 0
6 IN 7 8 1 1.5 3 -1
7 LN -1 -1 -1 -1 4 0
8 LN -1 -1 -1 -1 4 0
9 IN 10 13 5 5.5 2 -1
10 IN 11 12 0 4.5 3 -1
11 LN -1 -1 -1 -1 4 0
12 LN -1 -1 -1 -1 4 0
13 IN 14 15 3 4.5 3 -1
14 LN -1 -1 -1 -1 4 0
15 LN -1 -1 -1 -1 4 0
16 IN 17 24 3 8.5 1 -1
17 IN 18 21 5 6.5 2 -1
18 IN 19 20 7 7.5 3 -1
19 LN -1 -1 -1 -1 4 0
20 LN -1 -1 -1 -1 4 0
21 IN 22 23 6 0.5 3 -1
22 LN -1 -1 -1 -1 4 0
23 LN -1 -1 -1 -1 4 1
24 IN 25 28 5 6.5 2 -1
25 IN 26 27 5 3.5 3 -1
26 LN -1 -1 -1 -1 4 0
27 LN -1 -1 -1 -1 4 0
28 IN 29 30 4 7.5 3 -1
29 LN -1 -1 -1 -1 4 1
30 LN -1 -1 -1 -1 4 1

[TREE 76]
NB_NODES: 31
0 IN 1 16 2 8.5 0 -1
1 IN 2 9 5 7.5 1 -1
2 IN 3 6 2 5.5 2 -1
3 IN 4 5 1 2.5 3 -1
4 LN -1 -1 -1 -1 4 0
5 LN -1 -1 -1 -1 4 0
6 IN 7 8 1 0.5 3 -1
7 LN -1 -1 -1 -1 4 0
8 LN -1 -1 -1 -1 4 0
9 IN 10 13 2 6.5 2 -1
10 IN 11 12 1 4.5 3 -1
11 LN -1 -1 -1 -1 4 0
12 LN -1 -1 -1 -1 4 0
13 IN 14 15 1 2.5 3 -1
14 LN -1 -1 -1 -1 4 0
15 LN -1 -1 -1 -1 4 0
16 IN 17 24 5 6.5 1 -1
17 IN 18 21 1 1.5 2 -1
18 IN 19 20 7 3.5 3 -1
19 LN -1 -1 -1 -1 4 0
20 LN -1 -1 -1 -1 4 0
21 IN 22 23 1 6.5 3 -1
22 LN -1 -1 -1 -1 4 0
23 LN -1 -1 -1 -1 4 0
24 IN 25 28 3 8.5 2 -1
25 IN 26 27 7 1.5 3 -1
26 LN -1 -1 -1 -1 4 1
27 LN -1 -1 -1 -1 4 1
28 IN 29 30 5 7.5 3 -1
29 LN -1 -1 -1 -1 4 1
30 LN -1 -1 -1 -1 4 1

[TREE 77]
NB_NODES: 31
0 IN 1 16 2 8.5 0 -1
1 IN 2 9 2 6.5 1 -1
2 IN 3 6 2 4.5 2 -1
3 IN 4 5 3 7.5 3 -1
4 LN -1 -1 -1 -1 4 0
5 LN -1 -1 -1 -1 4 0
6 IN 7 8 3 5.5 3 -1
7 LN -1 -1 -1 -1 4 0
8 LN -1 -1 -1 -1 4 0
9 IN 10 13 7 1.5 2 -1
10 IN 11 12 2 7.5 3 -1
11 LN -1 -1 -1 -1 4 0
12 LN -1 -1 -1 -1 4 0
13 IN 14 15 5 5.5 3 -1
14 LN -1 -1 -1 -1 4 0
15 LN -1 -1 -1 -1 4 0
16 IN 17 24 5 6.5 1 -1
17 IN 18 21 5 3.5 2 -1
18 IN 19 20 1 2.5 3 -1
19 LN -1 -1 -1 -1 4 0
20 LN -1 -1 -1 -1 4 0
21 IN 22 23 4 6.5 3 -1
22 LN -1 -1 -1 -1 4 0
23 LN -1 -1 -1 -1 4 0
24 IN 25 28 0 0.5 2 -1
25 IN 26 27 5 7.5 3 -1
26 LN -1 -1 -1 -1 4 1
27 LN -1 -1 -1 -1 4 1
28 IN 29 30 3 7.5 3 -1
29 LN -1 -1 -1 -1 4 0
30 LN -1 -1 -1 -1 4 1

[TREE 78]
NB_NODES: 29
0 IN 1 14 0 0.5 0 -1
1 IN 2 7 5 6.5 1 -1
2 IN 3 4 2 8.5 2 -1
3 LN -1 -1 -1 -1 3 0
4 IN 5 6 5 5.5 3 -1
5 LN -1 -1 -1 -1 4 0
6 LN -1 -1 -1 -1 4 0
7 IN 8 11 3 8.5 2 -1
8 IN 9 10 1 2.5 3 -1
9 LN -1 -1 -1 -1 4 0
10 LN -1 -1 -1 -1 4 1
11 IN 12 13 4 7.5 3 -1
12 LN -1 -1 -1 -1 4 1
13 LN -1 -1 -1 -1 4 1
14 IN 15 22 2 8.5 1 -1
15 IN 16 19 7 2.5 2 -1
16 IN 17 18 2 7.5 3 -1
17 LN -1 -1 -1 -1 4 0
18 LN -1 -1 -1 -1 4 0
19 IN 20 21 0 3.5 3 -1
20 LN -1 -1 -1 -1 4 0
21 LN -1 -1 -1 -1 4 0
22 IN 23 26 7 2.5 2 -1
23 IN 24 25 7 0.5 3 -1
24 LN -1 -1 -1 -1 4 0
25 LN -1 -1 -1 -1 4 1
26 IN 27 28 1 3.5 3 -1
27 LN -1 -1 -1 -1 4 0
28 LN -1 -1 -1 -1 4 0

[TREE 79]
NB_NODES: 31
0 IN 1 16 0 0.5 0 -1
1 IN 2 9 5 7.5 1 -1
2 IN 3 6 5 5.5 2 -1
3 IN 4 5 1 2.5 3 -1
4 LN -1 -1 -1 -1 4 0
5 LN -1 -1 -1 -1 4 0
6 IN 7 8 1 1.5 3 -1
7 LN -1 -1 -1 -1 4 0
8 LN -1 -1 -1 -1 4 1
9 IN 10 13 1 3.5 2 -1
10 IN 11 12 3 8.5 3 -1
11 LN -1 -1 -1 -1 4 0
12 LN -1 -1 -1 -1 4 1
13 IN 14 15 3 4.5 3 -1
14 LN -1 -1 -1 -1 4 0
15 LN -1 -1 -1 -1 4 1
16 IN 17 24 3 8.5 1 -1
17 IN 18 21 5 7.5 2 -1
18 IN 19 20 5 5.5 3 -1
19 LN -1 -1 -1 -1 4 0
20 LN -1 -1 -1 -1 4 0
21 IN 22 23 2 7.5 3 -1
22 LN -1 -1 -1 -1 4 0
23 LN -1 -1 -1 -1 4 0
24 IN 25 28 2 8.5 2 -1
25 IN 26 27 4 1.5 3 -1
26 LN -1 -1 -1 -1 4 0
27 LN -1 -1 -1 -1 4 0
28 IN 29 30 5 3.5 3 -1
29 LN -1 -1 -1 -1 4 0
30 LN -1 -1 -1 -1 4 1

[TREE 80]
NB_NODES: 31
0 IN 1 16 3 8.5 0 -1
1 IN 2 9 4 7.5 1 -1
2 IN 3 6 3 4.5 2 -1
3 IN 4 5 1 2.5 3 -1
4 LN -1 -1 -1 -1 4 0
5 LN -1 -1 -1 -1 4 0
6 IN 7 8 2 8.5 3 -1
7 LN -1 -1 -1 -1 4 0
8 LN -1 -1 -1 -1 4 0
9 IN 10 13 0 1.5 2 -1
10 IN 11 12 1 2.5 3 -1
11 LN -1 -1 -1 -1 4 0
12 LN -1 -1 -1 -1 4 0
13 IN 14 15 0 4.5 3 -1
14 LN -1 -1 -1 -1 4 0
15 LN -1 -1 -1 -1 4 0
16 IN 17 24 5 6.5 1 -1
17 IN 18 21 5 5.5 2 -1
18 IN 19 20 2 8.5 3 -1
19 LN -1 -1 -1 -1 4 0
20 LN -1 -1 -1 -1 4 0
21 IN 22 23 7 4.5 3 -1
22 LN -1 -1 -1 -1 4 0
23 LN -1 -1 -1 -1 4 1
24 IN 25 28 0 0.5 2 -1
25 IN 26 27 2 8.5 3 -1
26 LN -1 -1 -1 -1 4 0
27 LN -1 -1 -1 -1 4 1
28 IN 29 30 2 8.5 3 -1
29 LN -1 -1 -1 -1 4 0
30 LN -1 -1 -1 -1 4 1

[TREE 81]
NB_NODES: 31
0 IN 1 16 3 8.5 0 -1
1 IN 2 9 2 8.5 1 -1
2 IN 3 6 2 6.5 2 -1
3 IN 4 5 0 3.5 3 -1
4 LN -1 -1 -1 -1 4 0
5 LN -1 -1 -1 -1 4 0
6 IN 7 8 7 1.5 3 -1
7 LN -1 -1 -1 -1 4 0
8 LN -1 -1 -1 -1 4 0
9 IN 10 13 4 6.5 2 -1
10 IN 11 12 5 6.5 3 -1
11 LN -1 -1 -1 -1 4 0
12 LN -1 -1 -1 -1 4 1
13 IN 14 15 5 7.5 3 -1
14 LN -1 -1 -1 -1 4 0
15 LN -1 -1 -1 -1 4 1
16 IN 17 24 4 7.5 1 -1
17 IN 18 21 2 8.5 2 -1
18 IN 19 20 7 6.5 3 -1
19 LN -1 -1 -1 -1 4 0
20 LN -1 -1 -1 -1 4 0
21 IN 22 23 5 6.5 3 -1
22 LN -1 -1 -1 -1 4 0
23 LN -1 -1 -1 -1 4 1
24 IN 25 28 0 0.5 2 -1
25 IN 26 27 2 8.5 3 -1
26 LN -1 -1 -1 -1 4 0
27 LN -1 -1 -1 -1 4 1
28 IN 29 30 2 8.5 3 -1
29 LN -1 -1 -1 -1 4 0
30 LN -1 -1 -1 -1 4 1

[TREE 82]
NB_NODES: 29
0 IN 1 16 5 7.5 0 -1
1 IN 2 9 0 0.5 1 -1
2 IN 3 6 5 6.5 2 -1
3 IN 4 5 5 5.5 3 -1
4 LN -1 -1 -1 -1 4 0
5 LN -1 -1 -1 -1 4 0
6 IN 7 8 3 8.5 3 -1
7 LN -1 -1 -1 -1 4 0
8 LN -1 -1 -1 -1 4 1
9 IN 10 13 2 8.5 2 -1
10 IN 11 12 3 6.5 3 -1
11 LN -1 -1 -1 -1 4 0
12 LN -1 -1 -1 -1 4 0
13 IN 14 15 6 3.5 3 -1
14 LN -1 -1 -1 -1 4 1
15 LN -1 -1 -1 -1 4 0
16 IN 17 24 3 8.5 1 -1
17 IN 18 21 0 1.5 2 -1
18 IN 19 20 2 8.5 3 -1
19 LN -1 -1 -1 -1 4 0
20 LN -1 -1 -1 -1 4 1
21 IN 22 23 2 7.5 3 -1
22 LN -1 -1 -1 -1 4 0
23 LN -1 -1 -1 -1 4 0
24 IN 25 26 2 8.5 2 -1
25 LN -1 -1 -1 -1 3 0
26 IN 27 28 1 1.5 3 -1
27 LN -1 -1 -1 -1 4 1
28 LN -1 -1 -1 -1 4 1

[TREE 83]
NB_NODES: 29
0 IN 1 16 4 7.5 0 -1
1 IN 2 9 0 0.5 1 -1
2 IN 3 6 4 6.5 2 -1
3 IN 4 5 1 2.5 3 -1
4 LN -1 -1 -1 -1 4 0
5 LN -1 -1 -1 -1 4 0
6 IN 7 8 2 8.5 3 -1
7 LN -1 -1 -1 -1 4 0
8 LN -1 -1 -1 -1 4 1
9 IN 10 13 0 2.5 2 -1
10 IN 11 12 2 8.5 3 -1
11 LN -1 -1 -1 -1 4 0
12 LN -1 -1 -1 -1 4 0
13 IN 14 15 2 5.5 3 -1
14 LN -1 -1 -1 -1 4 0
15 LN -1 -1 -1 -1 4 0
16 IN 17 24 3 8.5 1 -1
17 IN 18 21 0 1.5 2 -1
18 IN 19 20 2 8.5 3 -1
19 LN -1 -1 -1 -1 4 0
20 LN -1 -1 -1 -1 4 1
21 IN 22 23 2 7.5 3 -1
22 LN -1 -1 -1 -1 4 0
23 LN -1 -1 -1 -1 4 0
24 IN 25 26 2 8.5 2 -1
25 LN -1 -1 -1 -1 3 0
26 IN 27 28 7 1.5 3 -1
27 LN -1 -1 -1 -1 4 1
28 LN -1 -1 -1 -1 4 1

[TREE 84]
NB_NODES: 29
0 IN 1 14 0 0.5 0 -1
1 IN 2 7 5 6.5 1 -1
2 IN 3 4 2 8.5 2 -1
3 LN -1 -1 -1 -1 3 0
4 IN 5 6 7 2.5 3 -1
5 LN -1 -1 -1 -1 4 0
6 LN -1 -1 -1 -1 4 0
7 IN 8 11 3 8.5 2 -1
8 IN 9 10 2 8.5 3 -1
9 LN -1 -1 -1 -1 4 0
10 LN -1 -1 -1 -1 4 0
11 IN 12 13 2 8.5 3 -1
12 LN -1 -1 -1 -1 4 0
13 LN -1 -1 -1 -1 4 1
14 IN 15 22 5 7.5 1 -1
15 IN 16 19 2 8.5 2 -1
16 IN 17 18 2 5.5 3 -1
17 LN -1 -1 -1 -1 4 0
18 LN -1 -1 -1 -1 4 0
19 IN 20 21 5 3.5 3 -1
20 LN -1 -1 -1 -1 4 0
21 LN -1 -1 -1 -1 4 1
22 IN 23 26 5 8.5 2 -1
23 IN 24 25 2 8.5 3 -1
24 LN -1 -1 -1 -1 4 0
25 LN -1 -1 -1 -1 4 1
26 IN 27 28 2 7.5 3 -1
27 LN -1 -1 -1 -1 4 0
28 LN -1 -1 -1 -1 4 1

[TREE 85]
NB_NODES: 31
0 IN 1 16 0 0.5 0 -1
1 IN 2 9 5 6.5 1 -1
2 IN 3 6 5 3.5 2 -1
3 IN 4 5 6 7.5 3 -1
4 LN -1 -1 -1 -1 4 0
5 LN -1 -1 -1 -1 4 0
6 IN 7 8 6 4.5 3 -1
7 LN -1 -1 -1 -1 4 0
8 LN -1 -1 -1 -1 4 0
9 IN 10 13 3 8.5 2 -1
10 IN 11 12 1 2.5 3 -1
11 LN -1 -1 -1 -1 4 0
12 LN -1 -1 -1 -1 4 1
13 IN 14 15 2 8.5 3 -1
14 LN -1 -1 -1 -1 4 0
15 LN -1 -1 -1 -1 4 1
16 IN 17 24 2 8.5 1 -1
17 IN 18 21 2 7.5 2 -1
18 IN 19 20 2 5.5 3 -1
19 LN -1 -1 -1 -1 4 0
20 LN -1 -1 -1 -1 4 0
21 IN 22 23 4 7.5 3 -1
22 LN -1 -1 -1 -1 4 0
23 LN -1 -1 -1 -1 4 0
24 IN 25 28 5 6.5 2 -1
25 IN 26 27 5 3.5 3 -1
26 LN -1 -1 -1 -1 4 0
27 LN -1 -1 -1 -1 4 0
28 IN 29 30 6 0.5 3 -1
29 LN -1 -1 -1 -1 4 0
30 LN -1 -1 -1 -1 4 1

[TREE 86]
NB_NODES: 31
0 IN 1 16 2 8.5 0 -1
1 IN 2 9 2 6.5 1 -1
2 IN 3 6 5 5.5 2 -1
3 IN 4 5 1 3.5 3 -1
4 LN -1 -1 -1 -1 4 0
5 LN -1 -1 -1 -1 4 0
6 IN 7 8 3 3.5 3 -1
7 LN -1 -1 -1 -1 4 0
8 LN -1 -1 -1 -1 4 0
9 IN 10 13 7 1.5 2 -1
10 IN 11 12 0 2.5 3 -1
11 LN -1 -1 -1 -1 4 0
12 LN -1 -1 -1 -1 4 0
13 IN 14 15 5 5.5 3 -1
14 LN -1 -1 -1 -1 4 0
15 LN -1 -1 -1 -1 4 0
16 IN 17 24 6 3.5 1 -1
17 IN 18 21 3 8.5 2 -1
18 IN 19 20 0 0.5 3 -1
19 LN -1 -1 -1 -1 4 0
20 LN -1 -1 -1 -1 4 1
21 IN 22 23 6 1.5 3 -1
22 LN -1 -1 -1 -1 4 1
23 LN -1 -1 -1 -1 4 1
24 IN 25 28 1 2.5 2 -1
25 IN 26 27 5 6.5 3 -1
26 LN -1 -1 -1 -1 4 0
27 LN -1 -1 -1 -1 4 1
28 IN 29 30 3 7.5 3 -1
29 LN -1 -1 -1 -1 4 0
30 LN -1 -1 -1 -1 4 1

[TREE 87]
NB_NODES: 31
0 IN 1 16 2 8.5 0 -1
1 IN 2 9 2 7.5 1 -1
2 IN 3 6 5 7.5 2 -1
3 IN 4 5 0 3.5 3 -1
4 LN -1 -1 -1 -1 4 0
5 LN -1 -1 -1 -1 4 0
6 IN 7 8 2 6.5 3 -1
7 LN -1 -1 -1 -1 4 0
8 LN -1 -1 -1 -1 4 0
9 IN 10 13 5 7.5 2 -1
10 IN 11 12 4 6.5 3 -1
11 LN -1 -1 -1 -1 4 0
12 LN -1 -1 -1 -1 4 0
13 IN 14 15 6 1.5 3 -1
14 LN -1 -1 -1 -1 4 0
15 LN -1 -1 -1 -1 4 0
16 IN 17 24 7 2.5 1 -1
17 IN 18 21 3 8.5 2 -1
18 IN 19 20 4 8.5 3 -1
19 LN -1 -1 -1 -1 4 1
20 LN -1 -1 -1 -1 4 1
21 IN 22 23 5 7.5 3 -1
22 LN -1 -1 -1 -1 4 1
23 LN -1 -1 -1 -1 4 1
24 IN 25 28 7 3.5 2 -1
25 IN 26 27 4 6.5 3 -1
26 LN -1 -1 -1 -1 4 0
27 LN -1 -1 -1 -1 4 1
28 IN 29 30 1 2.5 3 -1
29 LN -1 -1 -1 -1 4 0
30 LN -1 -1 -1 -1 4 0

[TREE 88]
NB_NODES: 31
0 IN 1 16 2 8.5 0 -1
1 IN 2 9 2 6.5 1 -1
2 IN 3 6 3 5.5 2 -1
3 IN 4 5 5 5.5 3 -1
4 LN -1 -1 -1 -1 4 0
5 LN -1 -1 -1 -1 4 0
6 IN 7 8 2 4.5 3 -1
7 LN -1 -1 -1 -1 4 0
8 LN -1 -1 -1 -1 4 0
9 IN 10 13 5 7.5 2 -1
10 IN 11 12 7 2.5 3 -1
11 LN -1 -1 -1 -1 4 0
12 LN -1 -1 -1 -1 4 0
13 IN 14 15 1 2.5 3 -1
14 LN -1 -1 -1 -1 4 0
15 LN -1 -1 -1 -1 4 0
16 IN 17 24 4 6.5 1 -1
17 IN 18 21 4 4.5 2 -1
18 IN 19 20 1 2.5 3 -1
19 LN -1 -1 -1 -1 4 0
20 LN -1 -1 -1 -1 4 1
21 IN 22 23 1 1.5 3 -1
22 LN -1 -1 -1 -1 4 0
23 LN -1 -1 -1 -1 4 1
24 IN 25 28 0 0.5 2 -1
25 IN 26 27 3 8.5 3 -1
26 LN -1 -1 -1 -1 4 1
27 LN -1 -1 -1 -1 4 1
28 IN 29 30 7 0.5 3 -1
29 LN -1 -1 -1 -1 4 0
30 LN -1 -1 -1 -1 4 1

[TREE 89]
NB_NODES: 31
0 IN 1 16 2 8.5 0 -1
1 IN 2 9 2 6.5 1 -1
2 IN 3 6 0 3.5 2 -1
3 IN 4 5 5 4.5 3 -1
4 LN -1 -1 -1 -1 4 0
5 LN -1 -1 -1 -1 4 0
6 IN 7 8 0 7.5 3 -1
7 LN -1 -1 -1 -1 4 0
8 LN -1 -1 -1 -1 4 0
9 IN 10 13 4 7.5 2 -1
10 IN 11 12 5 6.5 3 -1
11 LN -1 -1 -1 -1 4 0
12 LN -1 -1 -1 -1 4 0
13 IN 14 15 5 8.5 3 -1
14 LN -1 -1 -1 -1 4 0
15 LN -1 -1 -1 -1 4 0
16 IN 17 24 5 6.5 1 -1
17 IN 18 21 1 1.5 2 -1
18 IN 19 20 0 1.5 3 -1
19 LN -1 -1 -1 -1 4 0
20 LN -1 -1 -1 -1 4 1
21 IN 22 23 3 8.5 3 -1
22 LN -1 -1 -1 -1 4 0
23 LN -1 -1 -1 -1 4 1
24 IN 25 28 3 8.5 2 -1
25 IN 26 27 6 3.5 3 -1
26 LN -1 -1 -1 -1 4 1
27 LN -1 -1 -1 -1 4 0
28 IN 29 30 0 0.5 3 -1
29 LN -1 -1 -1 -1 4 1
30 LN -1 -1 -1 -1 4 1

[TREE 90]
NB_NODES: 31
0 IN 1 16 5 7.5 0 -1
1 IN 2 9 2 8.5 1 -1
2 IN 3 6 2 5.5 2 -1
3 IN 4 5 4 5.5 3 -1
4 LN -1 -1 -1 -1 4 0
5 LN -1 -1 -1 -1 4 0
6 IN 7 8 5 6.5 3 -1
7 LN -1 -1 -1 -1 4 0
8 LN -1 -1 -1 -1 4 0
9 IN 10 13 5 6.5 2 -1
10 IN 11 12 1 1.5 3 -1
11 LN -1 -1 -1 -1 4 0
12 LN -1 -1 -1 -1 4 0
13 IN 14 15 7 1.5 3 -1
14 LN -1 -1 -1 -1 4 0
15 LN -1 -1 -1 -1 4 1
16 IN 17 24 2 8.5 1 -1
17 IN 18 21 3 2.5 2 -1
18 IN 19 20 2 3.5 3 -1
19 LN -1 -1 -1 -1 4 0
20 LN -1 -1 -1 -1 4 0
21 IN 22 23 2 6.5 3 -1
22 LN -1 -1 -1 -1 4 0
23 LN -1 -1 -1 -1 4 0
24 IN 25 28 4 7.5 2 -1
25 IN 26 27 1 3.5 3 -1
26 LN -1 -1 -1 -1 4 1
27 LN -1 -1 -1 -1 4 0
28 IN 29 30 3 8.5 3 -1
29 LN -1 -1 -1 -1 4 1
30 LN -1 -1 -1 -1 4 1

[TREE 91]
NB_NODES: 31
0 IN 1 16 2 8.5 0 -1
1 IN 2 9 6 2.5 1 -1
2 IN 3 6 2 7.5 2 -1
3 IN 4 5 2 5.5 3 -1
4 LN -1 -1 -1 -1 4 0
5 LN -1 -1 -1 -1 4 0
6 IN 7 8 1 2.5 3 -1
7 LN -1 -1 -1 -1 4 0
8 LN -1 -1 -1 -1 4 0
9 IN 10 13 0 3.5 2 -1
10 IN 11 12 5 6.5 3 -1
11 LN -1 -1 -1 -1 4 0
12 LN -1 -1 -1 -1 4 0
13 IN 14 15 4 5.5 3 -1
14 LN -1 -1 -1 -1 4 0
15 LN -1 -1 -1 -1 4 0
16 IN 17 24 5 6.5 1 -1
17 IN 18 21 1 1.5 2 -1
18 IN 19 20 5 3.5 3 -1
19 LN -1 -1 -1 -1 4 0
20 LN -1 -1 -1 -1 4 0
21 IN 22 23 1 6.5 3 -1
22 LN -1 -1 -1 -1 4 1
23 LN -1 -1 -1 -1 4 0
24 IN 25 28 0 0.5 2 -1
25 IN 26 27 3 8.5 3 -1
26 LN -1 -1 -1 -1 4 1
27 LN -1 -1 -1 -1 4 1
28 IN 29 30 6 0.5 3 -1
29 LN -1 -1 -1 -1 4 1
30 LN -1 -1 -1 -1 4 1

[TREE 92]
NB_NODES: 31
0 IN 1 16 0 0.5 0 -1
1 IN 2 9 5 6.5 1 -1
2 IN 3 6 3 8.5 2 -1
3 IN 4 5 2 8.5 3 -1
4 LN -1 -1 -1 -1 4 0
5 LN -1 -1 -1 -1 4 0
6 IN 7 8 5 5.5 3 -1
7 LN -1 -1 -1 -1 4 0
8 LN -1 -1 -1 -1 4 0
9 IN 10 13 4 7.5 2 -1
10 IN 11 12 3 8.5 3 -1
11 LN -1 -1 -1 -1 4 0
12 LN -1 -1 -1 -1 4 1
13 IN 14 15 2 8.5 3 -1
14 LN -1 -1 -1 -1 4 0
15 LN -1 -1 -1 -1 4 1
16 IN 17 24 2 8.5 1 -1
17 IN 18 21 5 7.5 2 -1
18 IN 19 20 2 5.5 3 -1
19 LN -1 -1 -1 -1 4 0
20 LN -1 -1 -1 -1 4 0
21 IN 22 23 3 4.5 3 -1
22 LN -1 -1 -1 -1 4 0
23 LN -1 -1 -1 -1 4 0
24 IN 25 28 5 6.5 2 -1
25 IN 26 27 0 1.5 3 -1
26 LN -1 -1 -1 -1 4 0
27 LN -1 -1 -1 -1 4 0
28 IN 29 30 6 0.5 3 -1
29 LN -1 -1 -1 -1 4 0
30 LN -1 -1 -1 -1 4 1

[TREE 93]
NB_NODES: 31
0 IN 1 16 2 8.5 0 -1
1 IN 2 9 2 6.5 1 -1
2 IN 3 6 2 3.5 2 -1
3 IN 4 5 2 2.5 3 -1
4 LN -1 -1 -1 -1 4 0
5 LN -1 -1 -1 -1 4 0
6 IN 7 8 6 1.5 3 -1
7 LN -1 -1 -1 -1 4 0
8 LN -1 -1 -1 -1 4 0
9 IN 10 13 5 7.5 2 -1
10 IN 11 12 6 2.5 3 -1
11 LN -1 -1 -1 -1 4 0
12 LN -1 -1 -1 -1 4 0
13 IN 14 15 2 7.5 3 -1
14 LN -1 -1 -1 -1 4 0
15 LN -1 -1 -1 -1 4 0
16 IN 17 24 4 6.5 1 -1
17 IN 18 21 7 5.5 2 -1
18 IN 19 20 6 5.5 3 -1
19 LN -1 -1 -1 -1 4 0
20 LN -1 -1 -1 -1 4 1
21 IN 22 23 0 1.5 3 -1
22 LN -1 -1 -1 -1 4 0
23 LN -1 -1 -1 -1 4 0
24 IN 25 28 0 0.5 2 -1
25 IN 26 27 5 6.5 3 -1
26 LN -1 -1 -1 -1 4 0
27 LN -1 -1 -1 -1 4 1
28 IN 29 30 1 7.5 3 -1
29 LN -1 -1 -1 -1 4 1
30 LN -1 -1 -1 -1 4 0

[TREE 94]
NB_NODES: 31
0 IN 1 16 2 8.5 0 -1
1 IN 2 9 2 6.5 1 -1
2 IN 3 6 2 5.5 2 -1
3 IN 4 5 1 4.5 3 -1
4 LN -1 -1 -1 -1 4 0
5 LN -1 -1 -1 -1 4 0
6 IN 7 8 3 4.5 3 -1
7 LN -1 -1 -1 -1 4 0
8 LN -1 -1 -1 -1 4 0
9 IN 10 13 6 1.5 2 -1
10 IN 11 12 2 7.5 3 -1
11 LN -1 -1 -1 -1 4 0
12 LN -1 -1 -1 -1 4 0
13 IN 14 15 5 6.5 3 -1
14 LN -1 -1 -1 -1 4 0
15 LN -1 -1 -1 -1 4 0
16 IN 17 24 4 6.5 1 -1
17 IN 18 21 1 1.5 2 -1
18 IN 19 20 5 5.5 3 -1
19 LN -1 -1 -1 -1 4 0
20 LN -1 -1 -1 -1 4 0
21 IN 22 23 0 0.5 3 -1
22 LN -1 -1 -1 -1 4 1
23 LN -1 -1 -1 -1 4 0
24 IN 25 28 3 8.5 2 -1
25 IN 26 27 3 3.5 3 -1
26 LN -1 -1 -1 -1 4 1
27 LN -1 -1 -1 -1 4 1
28 IN 29 30 5 6.5 3 -1
29 LN -1 -1 -1 -1 4 0
30 LN -1 -1 -1 -1 4 1

[TREE 95]
NB_NODES: 31
0 IN 1 16 2 8.5 0 -1
1 IN 2 9 2 6.5 1 -1
2 IN 3 6 3 5.5 2 -1
3 IN 4 5 5 5.5 3 -1
4 LN -1 -1 -1 -1 4 0
5 LN -1 -1 -1 -1 4 0
6 IN 7 8 7 0.5 3 -1
7 LN -1 -1 -1 -1 4 0
8 LN -1 -1 -1 -1 4 0
9 IN 10 13 5 7.5 2 -1
10 IN 11 12 5 5.5 3 -1
11 LN -1 -1 -1 -1 4 0
12 LN -1 -1 -1 -1 4 0
13 IN 14 15 1 4.5 3 -1
14 LN -1 -1 -1 -1 4 0
15 LN -1 -1 -1 -1 4 0
16 IN 17 24 4 6.5 1 -1
17 IN 18 21 4 5.5 2 -1
18 IN 19 20 5 5.5 3 -1
19 LN -1 -1 -1 -1 4 0
20 LN -1 -1 -1 -1 4 1
21 IN 22 23 5 6.5 3 -1
22 LN -1 -1 -1 -1 4 0
23 LN -1 -1 -1 -1 4 1
24 IN 25 28 3 8.5 2 -1
25 IN 26 27 7 0.5 3 -1
26 LN -1 -1 -1 -1 4 0
27 LN -1 -1 -1 -1 4 1
28 IN 29 30 4 7.5 3 -1
29 LN -1 -1 -1 -1 4 1
30 LN -1 -1 -1 -1 4 1

[TREE 96]
NB_NODES: 31
0 IN 1 16 2 8.5 0 -1
1 IN 2 9 2 5.5 1 -1
2 IN 3 6 2 3.5 2 -1
3 IN 4 5 3 0.5 3 -1
4 LN -1 -1 -1 -1 4 0
5 LN -1 -1 -1 -1 4 0
6 IN 7 8 6 1.5 3 -1
7 LN -1 -1 -1 -1 4 0
8 LN -1 -1 -1 -1 4 0
9 IN 10 13 5 7.5 2 -1
10 IN 11 12 7 2.5 3 -1
11 LN -1 -1 -1 -1 4 0
12 LN -1 -1 -1 -1 4 0
13 IN 14 15 2 6.5 3 -1
14 LN -1 -1 -1 -1 4 0
15 LN -1 -1 -1 -1 4 0
16 IN 17 24 5 6.5 1 -1
17 IN 18 21 0 1.5 2 -1
18 IN 19 20 6 5.5 3 -1
19 LN -1 -1 -1 -1 4 0
20 LN -1 -1 -1 -1 4 0
21 IN 22 23 0 2.5 3 -1
22 LN -1 -1 -1 -1 4 1
23 LN -1 -1 -1 -1 4 0
24 IN 25 28 1 3.5 2 -1
25 IN 26 27 3 8.5 3 -1
26 LN -1 -1 -1 -1 4 1
27 LN -1 -1 -1 -1 4 1
28 IN 29 30 0 0.5 3 -1
29 LN -1 -1 -1 -1 4 1
30 LN -1 -1 -1 -1 4 1

[TREE 97]
NB_NODES: 31
0 IN 1 16 2 8.5 0 -1
1 IN 2 9 2 6.5 1 -1
2 IN 3 6 3 5.5 2 -1
3 IN 4 5 0 3.5 3 -1
4 LN -1 -1 -1 -1 4 0
5 LN -1 -1 -1 -1 4 0
6 IN 7 8 2 2.5 3 -1
7 LN -1 -1 -1 -1 4 0
8 LN -1 -1 -1 -1 4 0
9 IN 10 13 5 7.5 2 -1
10 IN 11 12 5 6.5 3 -1
11 LN -1 -1 -1 -1 4 0
12 LN -1 -1 -1 -1 4 0
13 IN 14 15 0 2.5 3 -1
14 LN -1 -1 -1 -1 4 0
15 LN -1 -1 -1 -1 4 0
16 IN 17 24 7 2.5 1 -1
17 IN 18 21 1 3.5 2 -1
18 IN 19 20 5 6.5 3 -1
19 LN -1 -1 -1 -1 4 0
20 LN -1 -1 -1 -1 4 1
21 IN 22 23 5 7.5 3 -1
22 LN -1 -1 -1 -1 4 0
23 LN -1 -1 -1 -1 4 1
24 IN 25 28 5 6.5 2 -1
25 IN 26 27 1 2.5 3 -1
26 LN -1 -1 -1 -1 4 0
27 LN -1 -1 -1 -1 4 1
28 IN 29 30 3 7.0 3 -1
29 LN -1 -1 -1 -1 4 0
30 LN -1 -1 -1 -1 4 1

[TREE 98]
NB_NODES: 31
0 IN 1 16 0 0.5 0 -1
1 IN 2 9 5 6.5 1 -1
2 IN 3 6 5 3.5 2 -1
3 IN 4 5 7 7.5 3 -1
4 LN -1 -1 -1 -1 4 0
5 LN -1 -1 -1 -1 4 0
6 IN 7 8 2 8.5 3 -1
7 LN -1 -1 -1 -1 4 0
8 LN -1 -1 -1 -1 4 0
9 IN 10 13 2 8.5 2 -1
10 IN 11 12 1 2.5 3 -1
11 LN -1 -1 -1 -1 4 0
12 LN -1 -1 -1 -1 4 0
13 IN 14 15 1 4.5 3 -1
14 LN -1 -1 -1 -1 4 1
15 LN -1 -1 -1 -1 4 1
16 IN 17 24 2 8.5 1 -1
17 IN 18 21 2 6.5 2 -1
18 IN 19 20 0 2.5 3 -1
19 LN -1 -1 -1 -1 4 0
20 LN -1 -1 -1 -1 4 0
21 IN 22 23 7 1.5 3 -1
22 LN -1 -1 -1 -1 4 0
23 LN -1 -1 -1 -1 4 0
24 IN 25 28 6 2.5 2 -1
25 IN 26 27 4 8.5 3 -1
26 LN -1 -1 -1 -1 4 1
27 LN -1 -1 -1 -1 4 1
28 IN 29 30 5 6.5 3 -1
29 LN -1 -1 -1 -1 4 0
30 LN -1 -1 -1 -1 4 1

[TREE 99]
NB_NODES: 29
0 IN 1 14 0 0.5 0 -1
1 IN 2 9 6 2.5 1 -1
2 IN 3 6 5 7.5 2 -1
3 IN 4 5 2 8.5 3 -1
4 LN -1 -1 -1 -1 4 0
5 LN -1 -1 -1 -1 4 1
6 IN 7 8 1 4.5 3 -1
7 LN -1 -1 -1 -1 4 1
8 LN -1 -1 -1 -1 4 1
9 IN 10 13 4 6.5 2 -1
10 IN 11 12 1 2.5 3 -1
11 LN -1 -1 -1 -1 4 0
12 LN -1 -1 -1 -1 4 0
13 LN -1 -1 -1 -1 3 1
14 IN 15 22 5 6.5 1 -1
15 IN 16 19 2 5.5 2 -1
16 IN 17 18 3 3.5 3 -1
17 LN -1 -1 -1 -1 4 0
18 LN -1 -1 -1 -1 4 0
19 IN 20 21 2 7.5 3 -1
20 LN -1 -1 -1 -1 4 0
21 LN -1 -1 -1 -1 4 0
22 IN 23 26 3 7.5 2 -1
23 IN 24 25 3 4.5 3 -1
24 LN -1 -1 -1 -1 4 0
25 LN -1 -1 -1 -1 4 0
26 IN 27 28 2 8.5 3 -1
27 LN -1 -1 -1 -1 4 0
28 LN -1 -1 -1 -1 4 1

