DATASET_NAME: Pima-Diabetes.train4.csv
ENSEMBLE: RF
NB_TREES: 5
NB_FEATURES: 8
NB_CLASSES: 2
MAX_TREE_DEPTH: 4
Format: node / node type (LN - leave node, IN - internal node) left child / right child / feature / threshold / node_depth / majority class (starts with index 0)

[FEATURES] 
Pregnancies : F 
Glucose : F 
BloodPressure : F 
SkinThickness : F 
Insulin : F 
BMI : F 
DiabetesPedigreeFunction : F 
Age : F 

[TREE 0]
NB_NODES: 29
0 IN 1 16 1 8.5 0 -1
1 IN 2 9 5 2.5 1 -1
2 IN 3 6 4 3.5 2 -1
3 IN 4 5 1 4.5 3 -1
4 LN -1 -1 -1 -1 4 0
5 LN -1 -1 -1 -1 4 0
6 IN 7 8 7 4.5 3 -1
7 LN -1 -1 -1 -1 4 0
8 LN -1 -1 -1 -1 4 1
9 IN 10 13 3 0.5 2 -1
10 IN 11 12 1 2.5 3 -1
11 LN -1 -1 -1 -1 4 0
12 LN -1 -1 -1 -1 4 1
13 IN 14 15 7 4.5 3 -1
14 LN -1 -1 -1 -1 4 0
15 LN -1 -1 -1 -1 4 0
16 IN 17 24 2 8.5 1 -1
17 IN 18 21 5 2.5 2 -1
18 IN 19 20 7 4.0 3 -1
19 LN -1 -1 -1 -1 4 0
20 LN -1 -1 -1 -1 4 1
21 IN 22 23 7 5.5 3 -1
22 LN -1 -1 -1 -1 4 1
23 LN -1 -1 -1 -1 4 1
24 IN 25 26 5 4.5 2 -1
25 LN -1 -1 -1 -1 3 0
26 IN 27 28 0 3.0 3 -1
27 LN -1 -1 -1 -1 4 1
28 LN -1 -1 -1 -1 4 1

[TREE 1]
NB_NODES: 27
0 IN 1 14 5 2.5 0 -1
1 IN 2 7 7 3.5 1 -1
2 IN 3 4 6 6.5 2 -1
3 LN -1 -1 -1 -1 3 0
4 IN 5 6 5 0.5 3 -1
5 LN -1 -1 -1 -1 4 0
6 LN -1 -1 -1 -1 4 0
7 IN 8 11 1 5.5 2 -1
8 IN 9 10 4 4.5 3 -1
9 LN -1 -1 -1 -1 4 0
10 LN -1 -1 -1 -1 4 1
11 IN 12 13 3 2.5 3 -1
12 LN -1 -1 -1 -1 4 0
13 LN -1 -1 -1 -1 4 1
14 IN 15 20 7 4.5 1 -1
15 IN 16 19 1 8.5 2 -1
16 IN 17 18 1 5.5 3 -1
17 LN -1 -1 -1 -1 4 0
18 LN -1 -1 -1 -1 4 0
19 LN -1 -1 -1 -1 3 1
20 IN 21 24 1 3.5 2 -1
21 IN 22 23 5 7.5 3 -1
22 LN -1 -1 -1 -1 4 0
23 LN -1 -1 -1 -1 4 0
24 IN 25 26 1 7.5 3 -1
25 LN -1 -1 -1 -1 4 1
26 LN -1 -1 -1 -1 4 1

[TREE 2]
NB_NODES: 29
0 IN 1 14 5 2.5 0 -1
1 IN 2 7 4 2.5 1 -1
2 IN 3 4 1 2.5 2 -1
3 LN -1 -1 -1 -1 3 0
4 IN 5 6 0 1.5 3 -1
5 LN -1 -1 -1 -1 4 0
6 LN -1 -1 -1 -1 4 0
7 IN 8 11 5 1.5 2 -1
8 IN 9 10 0 4.0 3 -1
9 LN -1 -1 -1 -1 4 0
10 LN -1 -1 -1 -1 4 0
11 IN 12 13 7 3.5 3 -1
12 LN -1 -1 -1 -1 4 0
13 LN -1 -1 -1 -1 4 1
14 IN 15 22 0 2.5 1 -1
15 IN 16 19 1 7.5 2 -1
16 IN 17 18 7 8.5 3 -1
17 LN -1 -1 -1 -1 4 0
18 LN -1 -1 -1 -1 4 1
19 IN 20 21 5 7.5 3 -1
20 LN -1 -1 -1 -1 4 1
21 LN -1 -1 -1 -1 4 1
22 IN 23 26 1 6.5 2 -1
23 IN 24 25 6 8.5 3 -1
24 LN -1 -1 -1 -1 4 0
25 LN -1 -1 -1 -1 4 1
26 IN 27 28 2 5.5 3 -1
27 LN -1 -1 -1 -1 4 1
28 LN -1 -1 -1 -1 4 1

[TREE 3]
NB_NODES: 29
0 IN 1 14 5 3.5 0 -1
1 IN 2 7 7 3.5 1 -1
2 IN 3 4 0 1.5 2 -1
3 LN -1 -1 -1 -1 3 0
4 IN 5 6 1 6.5 3 -1
5 LN -1 -1 -1 -1 4 0
6 LN -1 -1 -1 -1 4 1
7 IN 8 11 0 5.5 2 -1
8 IN 9 10 5 1.5 3 -1
9 LN -1 -1 -1 -1 4 0
10 LN -1 -1 -1 -1 4 0
11 IN 12 13 3 1.5 3 -1
12 LN -1 -1 -1 -1 4 1
13 LN -1 -1 -1 -1 4 0
14 IN 15 22 1 2.5 1 -1
15 IN 16 19 5 7.5 2 -1
16 IN 17 18 5 4.5 3 -1
17 LN -1 -1 -1 -1 4 0
18 LN -1 -1 -1 -1 4 0
19 IN 20 21 0 4.5 3 -1
20 LN -1 -1 -1 -1 4 0
21 LN -1 -1 -1 -1 4 1
22 IN 23 26 1 8.5 2 -1
23 IN 24 25 0 5.5 3 -1
24 LN -1 -1 -1 -1 4 0
25 LN -1 -1 -1 -1 4 1
26 IN 27 28 2 8.5 3 -1
27 LN -1 -1 -1 -1 4 1
28 LN -1 -1 -1 -1 4 1

[TREE 4]
NB_NODES: 31
0 IN 1 16 7 5.5 0 -1
1 IN 2 9 1 6.5 1 -1
2 IN 3 6 0 5.5 2 -1
3 IN 4 5 5 4.5 3 -1
4 LN -1 -1 -1 -1 4 0
5 LN -1 -1 -1 -1 4 0
6 IN 7 8 6 1.5 3 -1
7 LN -1 -1 -1 -1 4 0
8 LN -1 -1 -1 -1 4 1
9 IN 10 13 6 1.5 2 -1
10 IN 11 12 2 1.0 3 -1
11 LN -1 -1 -1 -1 4 1
12 LN -1 -1 -1 -1 4 0
13 IN 14 15 2 7.5 3 -1
14 LN -1 -1 -1 -1 4 1
15 LN -1 -1 -1 -1 4 0
16 IN 17 24 1 3.5 1 -1
17 IN 18 21 4 0.5 2 -1
18 IN 19 20 6 7.5 3 -1
19 LN -1 -1 -1 -1 4 0
20 LN -1 -1 -1 -1 4 1
21 IN 22 23 4 4.5 3 -1
22 LN -1 -1 -1 -1 4 0
23 LN -1 -1 -1 -1 4 1
24 IN 25 28 3 1.5 2 -1
25 IN 26 27 1 7.5 3 -1
26 LN -1 -1 -1 -1 4 0
27 LN -1 -1 -1 -1 4 1
28 IN 29 30 2 4.5 3 -1
29 LN -1 -1 -1 -1 4 1
30 LN -1 -1 -1 -1 4 1

