DATASET_NAME: Pima-Diabetes.train8.csv
ENSEMBLE: RF
NB_TREES: 100
NB_FEATURES: 8
NB_CLASSES: 2
MAX_TREE_DEPTH: 3
Format: node / node type (LN - leave node, IN - internal node) left child / right child / feature / threshold / node_depth / majority class (starts with index 0)

[FEATURES] 
Pregnancies : F 
Glucose : F 
BloodPressure : F 
SkinThickness : F 
Insulin : F 
BMI : F 
DiabetesPedigreeFunction : F 
Age : F 

[TREE 0]
NB_NODES: 15
0 IN 1 8 1 7.5 0 -1
1 IN 2 5 5 2.5 1 -1
2 IN 3 4 0 2.5 2 -1
3 LN -1 -1 -1 -1 3 0
4 LN -1 -1 -1 -1 3 0
5 IN 6 7 0 5.5 2 -1
6 LN -1 -1 -1 -1 3 0
7 LN -1 -1 -1 -1 3 1
8 IN 9 12 1 8.5 1 -1
9 IN 10 11 6 3.5 2 -1
10 LN -1 -1 -1 -1 3 0
11 LN -1 -1 -1 -1 3 1
12 IN 13 14 7 1.5 2 -1
13 LN -1 -1 -1 -1 3 1
14 LN -1 -1 -1 -1 3 1

[TREE 1]
NB_NODES: 15
0 IN 1 8 5 3.5 0 -1
1 IN 2 5 7 4.5 1 -1
2 IN 3 4 7 3.5 2 -1
3 LN -1 -1 -1 -1 3 0
4 LN -1 -1 -1 -1 3 0
5 IN 6 7 1 8.5 2 -1
6 LN -1 -1 -1 -1 3 0
7 LN -1 -1 -1 -1 3 1
8 IN 9 12 1 3.5 1 -1
9 IN 10 11 4 3.5 2 -1
10 LN -1 -1 -1 -1 3 0
11 LN -1 -1 -1 -1 3 0
12 IN 13 14 1 8.5 2 -1
13 LN -1 -1 -1 -1 3 1
14 LN -1 -1 -1 -1 3 1

[TREE 2]
NB_NODES: 15
0 IN 1 8 5 2.5 0 -1
1 IN 2 5 4 2.5 1 -1
2 IN 3 4 1 7.5 2 -1
3 LN -1 -1 -1 -1 3 0
4 LN -1 -1 -1 -1 3 0
5 IN 6 7 7 5.5 2 -1
6 LN -1 -1 -1 -1 3 0
7 LN -1 -1 -1 -1 3 1
8 IN 9 12 2 3.5 1 -1
9 IN 10 11 0 0.5 2 -1
10 LN -1 -1 -1 -1 3 1
11 LN -1 -1 -1 -1 3 0
12 IN 13 14 7 4.5 2 -1
13 LN -1 -1 -1 -1 3 0
14 LN -1 -1 -1 -1 3 1

[TREE 3]
NB_NODES: 15
0 IN 1 8 0 5.5 0 -1
1 IN 2 5 5 3.5 1 -1
2 IN 3 4 7 4.5 2 -1
3 LN -1 -1 -1 -1 3 0
4 LN -1 -1 -1 -1 3 0
5 IN 6 7 1 5.5 2 -1
6 LN -1 -1 -1 -1 3 0
7 LN -1 -1 -1 -1 3 1
8 IN 9 12 3 2.5 1 -1
9 IN 10 11 5 2.5 2 -1
10 LN -1 -1 -1 -1 3 0
11 LN -1 -1 -1 -1 3 1
12 IN 13 14 1 1.5 2 -1
13 LN -1 -1 -1 -1 3 0
14 LN -1 -1 -1 -1 3 1

[TREE 4]
NB_NODES: 15
0 IN 1 8 7 4.5 0 -1
1 IN 2 5 1 6.5 1 -1
2 IN 3 4 5 4.5 2 -1
3 LN -1 -1 -1 -1 3 0
4 LN -1 -1 -1 -1 3 0
5 IN 6 7 5 0.5 2 -1
6 LN -1 -1 -1 -1 3 0
7 LN -1 -1 -1 -1 3 1
8 IN 9 12 4 3.5 1 -1
9 IN 10 11 1 4.5 2 -1
10 LN -1 -1 -1 -1 3 0
11 LN -1 -1 -1 -1 3 1
12 IN 13 14 1 6.5 2 -1
13 LN -1 -1 -1 -1 3 1
14 LN -1 -1 -1 -1 3 1

[TREE 5]
NB_NODES: 15
0 IN 1 8 1 6.5 0 -1
1 IN 2 5 7 4.5 1 -1
2 IN 3 4 5 3.5 2 -1
3 LN -1 -1 -1 -1 3 0
4 LN -1 -1 -1 -1 3 0
5 IN 6 7 5 2.5 2 -1
6 LN -1 -1 -1 -1 3 0
7 LN -1 -1 -1 -1 3 1
8 IN 9 12 5 3.5 1 -1
9 IN 10 11 7 4.5 2 -1
10 LN -1 -1 -1 -1 3 0
11 LN -1 -1 -1 -1 3 1
12 IN 13 14 7 5.5 2 -1
13 LN -1 -1 -1 -1 3 1
14 LN -1 -1 -1 -1 3 1

[TREE 6]
NB_NODES: 15
0 IN 1 8 7 4.5 0 -1
1 IN 2 5 5 7.5 1 -1
2 IN 3 4 1 4.5 2 -1
3 LN -1 -1 -1 -1 3 0
4 LN -1 -1 -1 -1 3 0
5 IN 6 7 6 3.5 2 -1
6 LN -1 -1 -1 -1 3 0
7 LN -1 -1 -1 -1 3 0
8 IN 9 12 4 3.5 1 -1
9 IN 10 11 4 0.5 2 -1
10 LN -1 -1 -1 -1 3 0
11 LN -1 -1 -1 -1 3 0
12 IN 13 14 3 4.5 2 -1
13 LN -1 -1 -1 -1 3 1
14 LN -1 -1 -1 -1 3 1

[TREE 7]
NB_NODES: 15
0 IN 1 8 7 2.5 0 -1
1 IN 2 5 1 8.5 1 -1
2 IN 3 4 5 4.5 2 -1
3 LN -1 -1 -1 -1 3 0
4 LN -1 -1 -1 -1 3 0
5 IN 6 7 5 2.5 2 -1
6 LN -1 -1 -1 -1 3 0
7 LN -1 -1 -1 -1 3 1
8 IN 9 12 5 3.5 1 -1
9 IN 10 11 1 7.5 2 -1
10 LN -1 -1 -1 -1 3 0
11 LN -1 -1 -1 -1 3 1
12 IN 13 14 4 3.5 2 -1
13 LN -1 -1 -1 -1 3 1
14 LN -1 -1 -1 -1 3 1

[TREE 8]
NB_NODES: 15
0 IN 1 8 0 5.5 0 -1
1 IN 2 5 1 4.5 1 -1
2 IN 3 4 6 8.5 2 -1
3 LN -1 -1 -1 -1 3 0
4 LN -1 -1 -1 -1 3 0
5 IN 6 7 1 8.5 2 -1
6 LN -1 -1 -1 -1 3 0
7 LN -1 -1 -1 -1 3 1
8 IN 9 12 1 5.5 1 -1
9 IN 10 11 3 3.5 2 -1
10 LN -1 -1 -1 -1 3 0
11 LN -1 -1 -1 -1 3 1
12 IN 13 14 6 2.5 2 -1
13 LN -1 -1 -1 -1 3 1
14 LN -1 -1 -1 -1 3 1

[TREE 9]
NB_NODES: 15
0 IN 1 8 7 4.5 0 -1
1 IN 2 5 1 8.5 1 -1
2 IN 3 4 3 5.5 2 -1
3 LN -1 -1 -1 -1 3 0
4 LN -1 -1 -1 -1 3 0
5 IN 6 7 6 5.5 2 -1
6 LN -1 -1 -1 -1 3 0
7 LN -1 -1 -1 -1 3 1
8 IN 9 12 5 2.5 1 -1
9 IN 10 11 7 5.5 2 -1
10 LN -1 -1 -1 -1 3 0
11 LN -1 -1 -1 -1 3 0
12 IN 13 14 6 0.5 2 -1
13 LN -1 -1 -1 -1 3 0
14 LN -1 -1 -1 -1 3 1

[TREE 10]
NB_NODES: 15
0 IN 1 8 1 6.5 0 -1
1 IN 2 5 7 4.5 1 -1
2 IN 3 4 3 3.5 2 -1
3 LN -1 -1 -1 -1 3 0
4 LN -1 -1 -1 -1 3 0
5 IN 6 7 6 1.5 2 -1
6 LN -1 -1 -1 -1 3 0
7 LN -1 -1 -1 -1 3 0
8 IN 9 12 0 1.5 1 -1
9 IN 10 11 6 3.5 2 -1
10 LN -1 -1 -1 -1 3 0
11 LN -1 -1 -1 -1 3 1
12 IN 13 14 0 5.5 2 -1
13 LN -1 -1 -1 -1 3 1
14 LN -1 -1 -1 -1 3 1

[TREE 11]
NB_NODES: 15
0 IN 1 8 1 5.5 0 -1
1 IN 2 5 0 5.5 1 -1
2 IN 3 4 5 4.5 2 -1
3 LN -1 -1 -1 -1 3 0
4 LN -1 -1 -1 -1 3 0
5 IN 6 7 3 2.5 2 -1
6 LN -1 -1 -1 -1 3 0
7 LN -1 -1 -1 -1 3 1
8 IN 9 12 5 3.5 1 -1
9 IN 10 11 1 8.5 2 -1
10 LN -1 -1 -1 -1 3 0
11 LN -1 -1 -1 -1 3 1
12 IN 13 14 1 8.5 2 -1
13 LN -1 -1 -1 -1 3 1
14 LN -1 -1 -1 -1 3 1

[TREE 12]
NB_NODES: 15
0 IN 1 8 1 6.5 0 -1
1 IN 2 5 5 4.5 1 -1
2 IN 3 4 7 4.5 2 -1
3 LN -1 -1 -1 -1 3 0
4 LN -1 -1 -1 -1 3 0
5 IN 6 7 1 3.5 2 -1
6 LN -1 -1 -1 -1 3 0
7 LN -1 -1 -1 -1 3 0
8 IN 9 12 5 3.5 1 -1
9 IN 10 11 0 6.5 2 -1
10 LN -1 -1 -1 -1 3 0
11 LN -1 -1 -1 -1 3 1
12 IN 13 14 1 8.5 2 -1
13 LN -1 -1 -1 -1 3 1
14 LN -1 -1 -1 -1 3 1

[TREE 13]
NB_NODES: 15
0 IN 1 8 1 7.5 0 -1
1 IN 2 5 5 2.5 1 -1
2 IN 3 4 7 4.5 2 -1
3 LN -1 -1 -1 -1 3 0
4 LN -1 -1 -1 -1 3 0
5 IN 6 7 4 0.5 2 -1
6 LN -1 -1 -1 -1 3 0
7 LN -1 -1 -1 -1 3 0
8 IN 9 12 5 3.5 1 -1
9 IN 10 11 2 5.0 2 -1
10 LN -1 -1 -1 -1 3 1
11 LN -1 -1 -1 -1 3 0
12 IN 13 14 3 2.5 2 -1
13 LN -1 -1 -1 -1 3 1
14 LN -1 -1 -1 -1 3 1

[TREE 14]
NB_NODES: 15
0 IN 1 8 1 5.5 0 -1
1 IN 2 5 0 5.5 1 -1
2 IN 3 4 2 7.5 2 -1
3 LN -1 -1 -1 -1 3 0
4 LN -1 -1 -1 -1 3 0
5 IN 6 7 1 1.5 2 -1
6 LN -1 -1 -1 -1 3 0
7 LN -1 -1 -1 -1 3 1
8 IN 9 12 7 1.5 1 -1
9 IN 10 11 5 5.5 2 -1
10 LN -1 -1 -1 -1 3 0
11 LN -1 -1 -1 -1 3 1
12 IN 13 14 5 3.5 2 -1
13 LN -1 -1 -1 -1 3 0
14 LN -1 -1 -1 -1 3 1

[TREE 15]
NB_NODES: 15
0 IN 1 8 1 7.5 0 -1
1 IN 2 5 7 4.5 1 -1
2 IN 3 4 5 3.5 2 -1
3 LN -1 -1 -1 -1 3 0
4 LN -1 -1 -1 -1 3 0
5 IN 6 7 5 1.5 2 -1
6 LN -1 -1 -1 -1 3 0
7 LN -1 -1 -1 -1 3 1
8 IN 9 12 1 8.5 1 -1
9 IN 10 11 6 3.5 2 -1
10 LN -1 -1 -1 -1 3 0
11 LN -1 -1 -1 -1 3 1
12 IN 13 14 6 4.5 2 -1
13 LN -1 -1 -1 -1 3 1
14 LN -1 -1 -1 -1 3 1

[TREE 16]
NB_NODES: 15
0 IN 1 8 5 3.5 0 -1
1 IN 2 5 1 8.5 1 -1
2 IN 3 4 7 4.5 2 -1
3 LN -1 -1 -1 -1 3 0
4 LN -1 -1 -1 -1 3 0
5 IN 6 7 2 8.5 2 -1
6 LN -1 -1 -1 -1 3 1
7 LN -1 -1 -1 -1 3 0
8 IN 9 12 1 5.5 1 -1
9 IN 10 11 7 4.5 2 -1
10 LN -1 -1 -1 -1 3 0
11 LN -1 -1 -1 -1 3 0
12 IN 13 14 7 2.5 2 -1
13 LN -1 -1 -1 -1 3 0
14 LN -1 -1 -1 -1 3 1

[TREE 17]
NB_NODES: 15
0 IN 1 8 7 4.5 0 -1
1 IN 2 5 5 3.5 1 -1
2 IN 3 4 3 0.5 2 -1
3 LN -1 -1 -1 -1 3 0
4 LN -1 -1 -1 -1 3 0
5 IN 6 7 1 6.5 2 -1
6 LN -1 -1 -1 -1 3 0
7 LN -1 -1 -1 -1 3 1
8 IN 9 12 1 5.5 1 -1
9 IN 10 11 0 4.5 2 -1
10 LN -1 -1 -1 -1 3 0
11 LN -1 -1 -1 -1 3 0
12 IN 13 14 1 8.5 2 -1
13 LN -1 -1 -1 -1 3 1
14 LN -1 -1 -1 -1 3 1

[TREE 18]
NB_NODES: 15
0 IN 1 8 7 4.5 0 -1
1 IN 2 5 1 5.5 1 -1
2 IN 3 4 2 7.5 2 -1
3 LN -1 -1 -1 -1 3 0
4 LN -1 -1 -1 -1 3 0
5 IN 6 7 7 2.5 2 -1
6 LN -1 -1 -1 -1 3 0
7 LN -1 -1 -1 -1 3 1
8 IN 9 12 5 2.5 1 -1
9 IN 10 11 4 2.5 2 -1
10 LN -1 -1 -1 -1 3 0
11 LN -1 -1 -1 -1 3 1
12 IN 13 14 1 5.5 2 -1
13 LN -1 -1 -1 -1 3 0
14 LN -1 -1 -1 -1 3 1

[TREE 19]
NB_NODES: 15
0 IN 1 8 7 4.5 0 -1
1 IN 2 5 3 4.5 1 -1
2 IN 3 4 1 6.5 2 -1
3 LN -1 -1 -1 -1 3 0
4 LN -1 -1 -1 -1 3 1
5 IN 6 7 2 0.5 2 -1
6 LN -1 -1 -1 -1 3 1
7 LN -1 -1 -1 -1 3 0
8 IN 9 12 1 6.5 1 -1
9 IN 10 11 1 1.5 2 -1
10 LN -1 -1 -1 -1 3 0
11 LN -1 -1 -1 -1 3 0
12 IN 13 14 5 2.5 2 -1
13 LN -1 -1 -1 -1 3 0
14 LN -1 -1 -1 -1 3 1

[TREE 20]
NB_NODES: 15
0 IN 1 8 5 2.5 0 -1
1 IN 2 5 1 7.5 1 -1
2 IN 3 4 5 1.5 2 -1
3 LN -1 -1 -1 -1 3 0
4 LN -1 -1 -1 -1 3 0
5 IN 6 7 7 7.5 2 -1
6 LN -1 -1 -1 -1 3 1
7 LN -1 -1 -1 -1 3 1
8 IN 9 12 1 5.5 1 -1
9 IN 10 11 0 5.5 2 -1
10 LN -1 -1 -1 -1 3 0
11 LN -1 -1 -1 -1 3 1
12 IN 13 14 0 5.5 2 -1
13 LN -1 -1 -1 -1 3 1
14 LN -1 -1 -1 -1 3 1

[TREE 21]
NB_NODES: 15
0 IN 1 8 5 3.5 0 -1
1 IN 2 5 1 7.5 1 -1
2 IN 3 4 5 1.5 2 -1
3 LN -1 -1 -1 -1 3 0
4 LN -1 -1 -1 -1 3 0
5 IN 6 7 5 1.5 2 -1
6 LN -1 -1 -1 -1 3 1
7 LN -1 -1 -1 -1 3 0
8 IN 9 12 7 4.5 1 -1
9 IN 10 11 1 8.5 2 -1
10 LN -1 -1 -1 -1 3 0
11 LN -1 -1 -1 -1 3 1
12 IN 13 14 1 5.5 2 -1
13 LN -1 -1 -1 -1 3 0
14 LN -1 -1 -1 -1 3 1

[TREE 22]
NB_NODES: 15
0 IN 1 8 7 4.5 0 -1
1 IN 2 5 5 3.5 1 -1
2 IN 3 4 1 7.5 2 -1
3 LN -1 -1 -1 -1 3 0
4 LN -1 -1 -1 -1 3 0
5 IN 6 7 0 0.5 2 -1
6 LN -1 -1 -1 -1 3 0
7 LN -1 -1 -1 -1 3 0
8 IN 9 12 5 2.5 1 -1
9 IN 10 11 1 4.5 2 -1
10 LN -1 -1 -1 -1 3 0
11 LN -1 -1 -1 -1 3 0
12 IN 13 14 6 1.5 2 -1
13 LN -1 -1 -1 -1 3 0
14 LN -1 -1 -1 -1 3 1

[TREE 23]
NB_NODES: 15
0 IN 1 8 1 5.5 0 -1
1 IN 2 5 2 2.5 1 -1
2 IN 3 4 3 6.5 2 -1
3 LN -1 -1 -1 -1 3 0
4 LN -1 -1 -1 -1 3 0
5 IN 6 7 6 7.5 2 -1
6 LN -1 -1 -1 -1 3 0
7 LN -1 -1 -1 -1 3 0
8 IN 9 12 5 3.5 1 -1
9 IN 10 11 7 3.5 2 -1
10 LN -1 -1 -1 -1 3 0
11 LN -1 -1 -1 -1 3 0
12 IN 13 14 7 6.5 2 -1
13 LN -1 -1 -1 -1 3 1
14 LN -1 -1 -1 -1 3 1

[TREE 24]
NB_NODES: 15
0 IN 1 8 5 2.5 0 -1
1 IN 2 5 7 4.5 1 -1
2 IN 3 4 0 1.5 2 -1
3 LN -1 -1 -1 -1 3 0
4 LN -1 -1 -1 -1 3 0
5 IN 6 7 0 4.5 2 -1
6 LN -1 -1 -1 -1 3 0
7 LN -1 -1 -1 -1 3 0
8 IN 9 12 7 4.5 1 -1
9 IN 10 11 1 5.5 2 -1
10 LN -1 -1 -1 -1 3 0
11 LN -1 -1 -1 -1 3 1
12 IN 13 14 4 3.5 2 -1
13 LN -1 -1 -1 -1 3 1
14 LN -1 -1 -1 -1 3 1

[TREE 25]
NB_NODES: 15
0 IN 1 8 1 6.5 0 -1
1 IN 2 5 7 4.5 1 -1
2 IN 3 4 4 1.5 2 -1
3 LN -1 -1 -1 -1 3 0
4 LN -1 -1 -1 -1 3 0
5 IN 6 7 5 1.5 2 -1
6 LN -1 -1 -1 -1 3 0
7 LN -1 -1 -1 -1 3 0
8 IN 9 12 6 4.5 1 -1
9 IN 10 11 5 4.5 2 -1
10 LN -1 -1 -1 -1 3 0
11 LN -1 -1 -1 -1 3 1
12 IN 13 14 5 3.5 2 -1
13 LN -1 -1 -1 -1 3 1
14 LN -1 -1 -1 -1 3 1

[TREE 26]
NB_NODES: 15
0 IN 1 8 1 7.5 0 -1
1 IN 2 5 5 3.5 1 -1
2 IN 3 4 7 3.5 2 -1
3 LN -1 -1 -1 -1 3 0
4 LN -1 -1 -1 -1 3 0
5 IN 6 7 6 5.5 2 -1
6 LN -1 -1 -1 -1 3 0
7 LN -1 -1 -1 -1 3 1
8 IN 9 12 7 2.5 1 -1
9 IN 10 11 1 8.5 2 -1
10 LN -1 -1 -1 -1 3 0
11 LN -1 -1 -1 -1 3 1
12 IN 13 14 0 5.5 2 -1
13 LN -1 -1 -1 -1 3 1
14 LN -1 -1 -1 -1 3 1

[TREE 27]
NB_NODES: 15
0 IN 1 8 5 2.5 0 -1
1 IN 2 5 7 5.5 1 -1
2 IN 3 4 3 5.5 2 -1
3 LN -1 -1 -1 -1 3 0
4 LN -1 -1 -1 -1 3 0
5 IN 6 7 0 2.5 2 -1
6 LN -1 -1 -1 -1 3 0
7 LN -1 -1 -1 -1 3 0
8 IN 9 12 0 5.5 1 -1
9 IN 10 11 3 0.5 2 -1
10 LN -1 -1 -1 -1 3 1
11 LN -1 -1 -1 -1 3 0
12 IN 13 14 7 5.5 2 -1
13 LN -1 -1 -1 -1 3 1
14 LN -1 -1 -1 -1 3 1

[TREE 28]
NB_NODES: 15
0 IN 1 8 1 6.5 0 -1
1 IN 2 5 7 4.5 1 -1
2 IN 3 4 5 3.5 2 -1
3 LN -1 -1 -1 -1 3 0
4 LN -1 -1 -1 -1 3 0
5 IN 6 7 4 3.5 2 -1
6 LN -1 -1 -1 -1 3 0
7 LN -1 -1 -1 -1 3 1
8 IN 9 12 5 3.5 1 -1
9 IN 10 11 1 8.5 2 -1
10 LN -1 -1 -1 -1 3 0
11 LN -1 -1 -1 -1 3 1
12 IN 13 14 6 3.5 2 -1
13 LN -1 -1 -1 -1 3 1
14 LN -1 -1 -1 -1 3 1

[TREE 29]
NB_NODES: 15
0 IN 1 8 0 5.5 0 -1
1 IN 2 5 7 2.5 1 -1
2 IN 3 4 1 8.5 2 -1
3 LN -1 -1 -1 -1 3 0
4 LN -1 -1 -1 -1 3 1
5 IN 6 7 1 8.5 2 -1
6 LN -1 -1 -1 -1 3 0
7 LN -1 -1 -1 -1 3 1
8 IN 9 12 1 6.5 1 -1
9 IN 10 11 6 6.5 2 -1
10 LN -1 -1 -1 -1 3 0
11 LN -1 -1 -1 -1 3 1
12 IN 13 14 4 2.5 2 -1
13 LN -1 -1 -1 -1 3 1
14 LN -1 -1 -1 -1 3 1

[TREE 30]
NB_NODES: 15
0 IN 1 8 7 2.5 0 -1
1 IN 2 5 6 8.5 1 -1
2 IN 3 4 3 5.5 2 -1
3 LN -1 -1 -1 -1 3 0
4 LN -1 -1 -1 -1 3 0
5 IN 6 7 1 6.0 2 -1
6 LN -1 -1 -1 -1 3 0
7 LN -1 -1 -1 -1 3 1
8 IN 9 12 1 6.5 1 -1
9 IN 10 11 5 1.5 2 -1
10 LN -1 -1 -1 -1 3 0
11 LN -1 -1 -1 -1 3 0
12 IN 13 14 5 3.5 2 -1
13 LN -1 -1 -1 -1 3 1
14 LN -1 -1 -1 -1 3 1

[TREE 31]
NB_NODES: 15
0 IN 1 8 1 6.5 0 -1
1 IN 2 5 0 4.5 1 -1
2 IN 3 4 5 3.5 2 -1
3 LN -1 -1 -1 -1 3 0
4 LN -1 -1 -1 -1 3 0
5 IN 6 7 1 2.5 2 -1
6 LN -1 -1 -1 -1 3 0
7 LN -1 -1 -1 -1 3 1
8 IN 9 12 7 1.5 1 -1
9 IN 10 11 0 3.5 2 -1
10 LN -1 -1 -1 -1 3 0
11 LN -1 -1 -1 -1 3 1
12 IN 13 14 1 8.5 2 -1
13 LN -1 -1 -1 -1 3 1
14 LN -1 -1 -1 -1 3 1

[TREE 32]
NB_NODES: 15
0 IN 1 8 7 4.5 0 -1
1 IN 2 5 3 3.5 1 -1
2 IN 3 4 5 4.5 2 -1
3 LN -1 -1 -1 -1 3 0
4 LN -1 -1 -1 -1 3 0
5 IN 6 7 1 8.5 2 -1
6 LN -1 -1 -1 -1 3 0
7 LN -1 -1 -1 -1 3 1
8 IN 9 12 1 5.5 1 -1
9 IN 10 11 4 3.5 2 -1
10 LN -1 -1 -1 -1 3 0
11 LN -1 -1 -1 -1 3 1
12 IN 13 14 6 2.5 2 -1
13 LN -1 -1 -1 -1 3 0
14 LN -1 -1 -1 -1 3 1

[TREE 33]
NB_NODES: 15
0 IN 1 8 1 4.5 0 -1
1 IN 2 5 0 5.5 1 -1
2 IN 3 4 1 2.5 2 -1
3 LN -1 -1 -1 -1 3 0
4 LN -1 -1 -1 -1 3 0
5 IN 6 7 1 1.5 2 -1
6 LN -1 -1 -1 -1 3 0
7 LN -1 -1 -1 -1 3 1
8 IN 9 12 5 2.5 1 -1
9 IN 10 11 2 5.5 2 -1
10 LN -1 -1 -1 -1 3 0
11 LN -1 -1 -1 -1 3 0
12 IN 13 14 1 8.5 2 -1
13 LN -1 -1 -1 -1 3 1
14 LN -1 -1 -1 -1 3 1

[TREE 34]
NB_NODES: 15
0 IN 1 8 1 5.5 0 -1
1 IN 2 5 0 5.5 1 -1
2 IN 3 4 7 4.5 2 -1
3 LN -1 -1 -1 -1 3 0
4 LN -1 -1 -1 -1 3 0
5 IN 6 7 2 5.5 2 -1
6 LN -1 -1 -1 -1 3 0
7 LN -1 -1 -1 -1 3 1
8 IN 9 12 1 8.5 1 -1
9 IN 10 11 5 3.5 2 -1
10 LN -1 -1 -1 -1 3 0
11 LN -1 -1 -1 -1 3 1
12 IN 13 14 0 6.5 2 -1
13 LN -1 -1 -1 -1 3 1
14 LN -1 -1 -1 -1 3 1

[TREE 35]
NB_NODES: 15
0 IN 1 8 5 2.5 0 -1
1 IN 2 5 1 5.5 1 -1
2 IN 3 4 3 5.5 2 -1
3 LN -1 -1 -1 -1 3 0
4 LN -1 -1 -1 -1 3 1
5 IN 6 7 7 3.5 2 -1
6 LN -1 -1 -1 -1 3 0
7 LN -1 -1 -1 -1 3 0
8 IN 9 12 1 6.5 1 -1
9 IN 10 11 7 4.5 2 -1
10 LN -1 -1 -1 -1 3 0
11 LN -1 -1 -1 -1 3 0
12 IN 13 14 5 3.5 2 -1
13 LN -1 -1 -1 -1 3 0
14 LN -1 -1 -1 -1 3 1

[TREE 36]
NB_NODES: 15
0 IN 1 8 5 2.5 0 -1
1 IN 2 5 0 4.5 1 -1
2 IN 3 4 1 8.5 2 -1
3 LN -1 -1 -1 -1 3 0
4 LN -1 -1 -1 -1 3 1
5 IN 6 7 0 6.5 2 -1
6 LN -1 -1 -1 -1 3 0
7 LN -1 -1 -1 -1 3 0
8 IN 9 12 7 2.5 1 -1
9 IN 10 11 1 6.5 2 -1
10 LN -1 -1 -1 -1 3 0
11 LN -1 -1 -1 -1 3 1
12 IN 13 14 1 3.5 2 -1
13 LN -1 -1 -1 -1 3 0
14 LN -1 -1 -1 -1 3 1

[TREE 37]
NB_NODES: 15
0 IN 1 8 5 2.5 0 -1
1 IN 2 5 7 3.5 1 -1
2 IN 3 4 6 4.5 2 -1
3 LN -1 -1 -1 -1 3 0
4 LN -1 -1 -1 -1 3 0
5 IN 6 7 4 1.5 2 -1
6 LN -1 -1 -1 -1 3 0
7 LN -1 -1 -1 -1 3 1
8 IN 9 12 0 5.5 1 -1
9 IN 10 11 6 3.5 2 -1
10 LN -1 -1 -1 -1 3 0
11 LN -1 -1 -1 -1 3 1
12 IN 13 14 5 8.5 2 -1
13 LN -1 -1 -1 -1 3 1
14 LN -1 -1 -1 -1 3 1

[TREE 38]
NB_NODES: 15
0 IN 1 8 7 2.5 0 -1
1 IN 2 5 3 5.5 1 -1
2 IN 3 4 3 0.5 2 -1
3 LN -1 -1 -1 -1 3 0
4 LN -1 -1 -1 -1 3 0
5 IN 6 7 1 6.5 2 -1
6 LN -1 -1 -1 -1 3 0
7 LN -1 -1 -1 -1 3 1
8 IN 9 12 5 3.5 1 -1
9 IN 10 11 7 6.5 2 -1
10 LN -1 -1 -1 -1 3 0
11 LN -1 -1 -1 -1 3 0
12 IN 13 14 1 5.5 2 -1
13 LN -1 -1 -1 -1 3 0
14 LN -1 -1 -1 -1 3 1

[TREE 39]
NB_NODES: 15
0 IN 1 8 1 6.5 0 -1
1 IN 2 5 1 2.5 1 -1
2 IN 3 4 5 5.5 2 -1
3 LN -1 -1 -1 -1 3 0
4 LN -1 -1 -1 -1 3 0
5 IN 6 7 7 4.5 2 -1
6 LN -1 -1 -1 -1 3 0
7 LN -1 -1 -1 -1 3 0
8 IN 9 12 1 8.5 1 -1
9 IN 10 11 6 5.5 2 -1
10 LN -1 -1 -1 -1 3 0
11 LN -1 -1 -1 -1 3 1
12 IN 13 14 5 4.5 2 -1
13 LN -1 -1 -1 -1 3 1
14 LN -1 -1 -1 -1 3 1

[TREE 40]
NB_NODES: 15
0 IN 1 8 1 7.5 0 -1
1 IN 2 5 5 2.5 1 -1
2 IN 3 4 0 4.5 2 -1
3 LN -1 -1 -1 -1 3 0
4 LN -1 -1 -1 -1 3 0
5 IN 6 7 7 5.5 2 -1
6 LN -1 -1 -1 -1 3 0
7 LN -1 -1 -1 -1 3 1
8 IN 9 12 1 8.5 1 -1
9 IN 10 11 6 3.5 2 -1
10 LN -1 -1 -1 -1 3 0
11 LN -1 -1 -1 -1 3 1
12 IN 13 14 7 7.5 2 -1
13 LN -1 -1 -1 -1 3 1
14 LN -1 -1 -1 -1 3 1

[TREE 41]
NB_NODES: 15
0 IN 1 8 5 2.5 0 -1
1 IN 2 5 1 8.5 1 -1
2 IN 3 4 6 4.5 2 -1
3 LN -1 -1 -1 -1 3 0
4 LN -1 -1 -1 -1 3 0
5 IN 6 7 6 6.5 2 -1
6 LN -1 -1 -1 -1 3 0
7 LN -1 -1 -1 -1 3 1
8 IN 9 12 7 4.5 1 -1
9 IN 10 11 4 0.5 2 -1
10 LN -1 -1 -1 -1 3 0
11 LN -1 -1 -1 -1 3 0
12 IN 13 14 1 3.5 2 -1
13 LN -1 -1 -1 -1 3 0
14 LN -1 -1 -1 -1 3 1

[TREE 42]
NB_NODES: 15
0 IN 1 8 5 2.5 0 -1
1 IN 2 5 7 4.5 1 -1
2 IN 3 4 0 2.5 2 -1
3 LN -1 -1 -1 -1 3 0
4 LN -1 -1 -1 -1 3 0
5 IN 6 7 1 7.5 2 -1
6 LN -1 -1 -1 -1 3 0
7 LN -1 -1 -1 -1 3 1
8 IN 9 12 1 5.5 1 -1
9 IN 10 11 4 3.5 2 -1
10 LN -1 -1 -1 -1 3 0
11 LN -1 -1 -1 -1 3 0
12 IN 13 14 1 8.5 2 -1
13 LN -1 -1 -1 -1 3 1
14 LN -1 -1 -1 -1 3 1

[TREE 43]
NB_NODES: 15
0 IN 1 8 1 5.5 0 -1
1 IN 2 5 1 2.5 1 -1
2 IN 3 4 3 4.5 2 -1
3 LN -1 -1 -1 -1 3 0
4 LN -1 -1 -1 -1 3 0
5 IN 6 7 0 5.5 2 -1
6 LN -1 -1 -1 -1 3 0
7 LN -1 -1 -1 -1 3 0
8 IN 9 12 5 3.5 1 -1
9 IN 10 11 1 8.5 2 -1
10 LN -1 -1 -1 -1 3 0
11 LN -1 -1 -1 -1 3 1
12 IN 13 14 0 5.5 2 -1
13 LN -1 -1 -1 -1 3 1
14 LN -1 -1 -1 -1 3 1

[TREE 44]
NB_NODES: 15
0 IN 1 8 7 4.5 0 -1
1 IN 2 5 1 5.5 1 -1
2 IN 3 4 5 4.5 2 -1
3 LN -1 -1 -1 -1 3 0
4 LN -1 -1 -1 -1 3 0
5 IN 6 7 1 8.5 2 -1
6 LN -1 -1 -1 -1 3 0
7 LN -1 -1 -1 -1 3 1
8 IN 9 12 1 6.5 1 -1
9 IN 10 11 0 0.5 2 -1
10 LN -1 -1 -1 -1 3 1
11 LN -1 -1 -1 -1 3 0
12 IN 13 14 2 7.5 2 -1
13 LN -1 -1 -1 -1 3 1
14 LN -1 -1 -1 -1 3 1

[TREE 45]
NB_NODES: 15
0 IN 1 8 1 4.5 0 -1
1 IN 2 5 5 4.5 1 -1
2 IN 3 4 0 6.5 2 -1
3 LN -1 -1 -1 -1 3 0
4 LN -1 -1 -1 -1 3 1
5 IN 6 7 6 7.5 2 -1
6 LN -1 -1 -1 -1 3 0
7 LN -1 -1 -1 -1 3 1
8 IN 9 12 1 8.5 1 -1
9 IN 10 11 7 2.5 2 -1
10 LN -1 -1 -1 -1 3 0
11 LN -1 -1 -1 -1 3 1
12 IN 13 14 5 6.5 2 -1
13 LN -1 -1 -1 -1 3 1
14 LN -1 -1 -1 -1 3 1

[TREE 46]
NB_NODES: 15
0 IN 1 8 7 4.5 0 -1
1 IN 2 5 1 5.5 1 -1
2 IN 3 4 3 3.5 2 -1
3 LN -1 -1 -1 -1 3 0
4 LN -1 -1 -1 -1 3 0
5 IN 6 7 1 8.5 2 -1
6 LN -1 -1 -1 -1 3 0
7 LN -1 -1 -1 -1 3 1
8 IN 9 12 1 7.5 1 -1
9 IN 10 11 4 2.5 2 -1
10 LN -1 -1 -1 -1 3 0
11 LN -1 -1 -1 -1 3 1
12 IN 13 14 6 4.5 2 -1
13 LN -1 -1 -1 -1 3 1
14 LN -1 -1 -1 -1 3 1

[TREE 47]
NB_NODES: 15
0 IN 1 8 5 3.5 0 -1
1 IN 2 5 1 4.5 1 -1
2 IN 3 4 5 1.5 2 -1
3 LN -1 -1 -1 -1 3 0
4 LN -1 -1 -1 -1 3 0
5 IN 6 7 7 3.5 2 -1
6 LN -1 -1 -1 -1 3 0
7 LN -1 -1 -1 -1 3 0
8 IN 9 12 1 5.5 1 -1
9 IN 10 11 7 4.5 2 -1
10 LN -1 -1 -1 -1 3 0
11 LN -1 -1 -1 -1 3 0
12 IN 13 14 6 3.5 2 -1
13 LN -1 -1 -1 -1 3 1
14 LN -1 -1 -1 -1 3 1

[TREE 48]
NB_NODES: 15
0 IN 1 8 7 2.5 0 -1
1 IN 2 5 3 0.5 1 -1
2 IN 3 4 0 3.5 2 -1
3 LN -1 -1 -1 -1 3 0
4 LN -1 -1 -1 -1 3 1
5 IN 6 7 5 8.5 2 -1
6 LN -1 -1 -1 -1 3 0
7 LN -1 -1 -1 -1 3 0
8 IN 9 12 5 3.5 1 -1
9 IN 10 11 1 5.5 2 -1
10 LN -1 -1 -1 -1 3 0
11 LN -1 -1 -1 -1 3 1
12 IN 13 14 4 3.5 2 -1
13 LN -1 -1 -1 -1 3 0
14 LN -1 -1 -1 -1 3 1

[TREE 49]
NB_NODES: 15
0 IN 1 8 1 6.5 0 -1
1 IN 2 5 1 2.5 1 -1
2 IN 3 4 7 7.5 2 -1
3 LN -1 -1 -1 -1 3 0
4 LN -1 -1 -1 -1 3 0
5 IN 6 7 0 5.5 2 -1
6 LN -1 -1 -1 -1 3 0
7 LN -1 -1 -1 -1 3 1
8 IN 9 12 1 8.5 1 -1
9 IN 10 11 0 5.5 2 -1
10 LN -1 -1 -1 -1 3 0
11 LN -1 -1 -1 -1 3 1
12 IN 13 14 3 3.5 2 -1
13 LN -1 -1 -1 -1 3 1
14 LN -1 -1 -1 -1 3 1

[TREE 50]
NB_NODES: 15
0 IN 1 8 0 2.5 0 -1
1 IN 2 5 1 7.5 1 -1
2 IN 3 4 7 1.5 2 -1
3 LN -1 -1 -1 -1 3 0
4 LN -1 -1 -1 -1 3 0
5 IN 6 7 5 2.0 2 -1
6 LN -1 -1 -1 -1 3 0
7 LN -1 -1 -1 -1 3 1
8 IN 9 12 7 4.5 1 -1
9 IN 10 11 5 1.5 2 -1
10 LN -1 -1 -1 -1 3 0
11 LN -1 -1 -1 -1 3 0
12 IN 13 14 4 3.5 2 -1
13 LN -1 -1 -1 -1 3 0
14 LN -1 -1 -1 -1 3 1

[TREE 51]
NB_NODES: 15
0 IN 1 8 1 7.5 0 -1
1 IN 2 5 5 2.5 1 -1
2 IN 3 4 7 3.5 2 -1
3 LN -1 -1 -1 -1 3 0
4 LN -1 -1 -1 -1 3 0
5 IN 6 7 1 2.5 2 -1
6 LN -1 -1 -1 -1 3 0
7 LN -1 -1 -1 -1 3 0
8 IN 9 12 0 5.5 1 -1
9 IN 10 11 1 8.5 2 -1
10 LN -1 -1 -1 -1 3 0
11 LN -1 -1 -1 -1 3 1
12 IN 13 14 1 8.5 2 -1
13 LN -1 -1 -1 -1 3 1
14 LN -1 -1 -1 -1 3 1

[TREE 52]
NB_NODES: 15
0 IN 1 8 5 2.5 0 -1
1 IN 2 5 1 7.5 1 -1
2 IN 3 4 3 4.5 2 -1
3 LN -1 -1 -1 -1 3 0
4 LN -1 -1 -1 -1 3 0
5 IN 6 7 3 0.5 2 -1
6 LN -1 -1 -1 -1 3 0
7 LN -1 -1 -1 -1 3 1
8 IN 9 12 7 4.5 1 -1
9 IN 10 11 1 8.5 2 -1
10 LN -1 -1 -1 -1 3 0
11 LN -1 -1 -1 -1 3 1
12 IN 13 14 0 5.5 2 -1
13 LN -1 -1 -1 -1 3 0
14 LN -1 -1 -1 -1 3 1

[TREE 53]
NB_NODES: 15
0 IN 1 8 7 4.5 0 -1
1 IN 2 5 1 6.5 1 -1
2 IN 3 4 3 5.5 2 -1
3 LN -1 -1 -1 -1 3 0
4 LN -1 -1 -1 -1 3 0
5 IN 6 7 5 6.5 2 -1
6 LN -1 -1 -1 -1 3 0
7 LN -1 -1 -1 -1 3 1
8 IN 9 12 1 7.5 1 -1
9 IN 10 11 5 1.5 2 -1
10 LN -1 -1 -1 -1 3 0
11 LN -1 -1 -1 -1 3 0
12 IN 13 14 0 5.5 2 -1
13 LN -1 -1 -1 -1 3 1
14 LN -1 -1 -1 -1 3 1

[TREE 54]
NB_NODES: 15
0 IN 1 8 4 2.5 0 -1
1 IN 2 5 7 3.5 1 -1
2 IN 3 4 6 7.5 2 -1
3 LN -1 -1 -1 -1 3 0
4 LN -1 -1 -1 -1 3 0
5 IN 6 7 5 1.5 2 -1
6 LN -1 -1 -1 -1 3 0
7 LN -1 -1 -1 -1 3 0
8 IN 9 12 3 1.5 1 -1
9 IN 10 11 7 5.5 2 -1
10 LN -1 -1 -1 -1 3 0
11 LN -1 -1 -1 -1 3 0
12 IN 13 14 7 2.5 2 -1
13 LN -1 -1 -1 -1 3 0
14 LN -1 -1 -1 -1 3 1

[TREE 55]
NB_NODES: 15
0 IN 1 8 7 4.5 0 -1
1 IN 2 5 1 6.5 1 -1
2 IN 3 4 7 2.5 2 -1
3 LN -1 -1 -1 -1 3 0
4 LN -1 -1 -1 -1 3 0
5 IN 6 7 5 8.5 2 -1
6 LN -1 -1 -1 -1 3 0
7 LN -1 -1 -1 -1 3 1
8 IN 9 12 4 2.5 1 -1
9 IN 10 11 5 2.5 2 -1
10 LN -1 -1 -1 -1 3 0
11 LN -1 -1 -1 -1 3 0
12 IN 13 14 0 5.5 2 -1
13 LN -1 -1 -1 -1 3 1
14 LN -1 -1 -1 -1 3 1

[TREE 56]
NB_NODES: 15
0 IN 1 8 5 3.5 0 -1
1 IN 2 5 1 7.5 1 -1
2 IN 3 4 5 1.5 2 -1
3 LN -1 -1 -1 -1 3 0
4 LN -1 -1 -1 -1 3 0
5 IN 6 7 2 7.5 2 -1
6 LN -1 -1 -1 -1 3 1
7 LN -1 -1 -1 -1 3 0
8 IN 9 12 6 5.5 1 -1
9 IN 10 11 1 6.5 2 -1
10 LN -1 -1 -1 -1 3 0
11 LN -1 -1 -1 -1 3 1
12 IN 13 14 0 6.5 2 -1
13 LN -1 -1 -1 -1 3 0
14 LN -1 -1 -1 -1 3 1

[TREE 57]
NB_NODES: 15
0 IN 1 8 1 6.5 0 -1
1 IN 2 5 7 4.5 1 -1
2 IN 3 4 6 7.5 2 -1
3 LN -1 -1 -1 -1 3 0
4 LN -1 -1 -1 -1 3 0
5 IN 6 7 6 1.5 2 -1
6 LN -1 -1 -1 -1 3 0
7 LN -1 -1 -1 -1 3 0
8 IN 9 12 5 3.5 1 -1
9 IN 10 11 2 8.5 2 -1
10 LN -1 -1 -1 -1 3 0
11 LN -1 -1 -1 -1 3 0
12 IN 13 14 3 0.5 2 -1
13 LN -1 -1 -1 -1 3 1
14 LN -1 -1 -1 -1 3 1

[TREE 58]
NB_NODES: 15
0 IN 1 8 1 5.5 0 -1
1 IN 2 5 2 7.5 1 -1
2 IN 3 4 0 5.5 2 -1
3 LN -1 -1 -1 -1 3 0
4 LN -1 -1 -1 -1 3 0
5 IN 6 7 3 2.5 2 -1
6 LN -1 -1 -1 -1 3 0
7 LN -1 -1 -1 -1 3 1
8 IN 9 12 5 2.5 1 -1
9 IN 10 11 7 7.5 2 -1
10 LN -1 -1 -1 -1 3 0
11 LN -1 -1 -1 -1 3 0
12 IN 13 14 1 7.5 2 -1
13 LN -1 -1 -1 -1 3 1
14 LN -1 -1 -1 -1 3 1

[TREE 59]
NB_NODES: 15
0 IN 1 8 5 3.5 0 -1
1 IN 2 5 1 8.5 1 -1
2 IN 3 4 0 2.5 2 -1
3 LN -1 -1 -1 -1 3 0
4 LN -1 -1 -1 -1 3 0
5 IN 6 7 7 3.0 2 -1
6 LN -1 -1 -1 -1 3 0
7 LN -1 -1 -1 -1 3 1
8 IN 9 12 7 2.5 1 -1
9 IN 10 11 1 8.5 2 -1
10 LN -1 -1 -1 -1 3 0
11 LN -1 -1 -1 -1 3 1
12 IN 13 14 0 5.5 2 -1
13 LN -1 -1 -1 -1 3 1
14 LN -1 -1 -1 -1 3 1

[TREE 60]
NB_NODES: 15
0 IN 1 8 7 2.5 0 -1
1 IN 2 5 2 6.5 1 -1
2 IN 3 4 1 8.5 2 -1
3 LN -1 -1 -1 -1 3 0
4 LN -1 -1 -1 -1 3 1
5 IN 6 7 1 8.5 2 -1
6 LN -1 -1 -1 -1 3 0
7 LN -1 -1 -1 -1 3 1
8 IN 9 12 1 5.5 1 -1
9 IN 10 11 5 1.5 2 -1
10 LN -1 -1 -1 -1 3 0
11 LN -1 -1 -1 -1 3 0
12 IN 13 14 6 1.5 2 -1
13 LN -1 -1 -1 -1 3 0
14 LN -1 -1 -1 -1 3 1

[TREE 61]
NB_NODES: 15
0 IN 1 8 1 6.5 0 -1
1 IN 2 5 6 8.5 1 -1
2 IN 3 4 7 4.5 2 -1
3 LN -1 -1 -1 -1 3 0
4 LN -1 -1 -1 -1 3 0
5 IN 6 7 0 2.5 2 -1
6 LN -1 -1 -1 -1 3 0
7 LN -1 -1 -1 -1 3 1
8 IN 9 12 6 3.5 1 -1
9 IN 10 11 5 3.5 2 -1
10 LN -1 -1 -1 -1 3 0
11 LN -1 -1 -1 -1 3 1
12 IN 13 14 5 3.5 2 -1
13 LN -1 -1 -1 -1 3 1
14 LN -1 -1 -1 -1 3 1

[TREE 62]
NB_NODES: 15
0 IN 1 8 1 6.5 0 -1
1 IN 2 5 7 4.5 1 -1
2 IN 3 4 0 2.5 2 -1
3 LN -1 -1 -1 -1 3 0
4 LN -1 -1 -1 -1 3 0
5 IN 6 7 6 7.5 2 -1
6 LN -1 -1 -1 -1 3 0
7 LN -1 -1 -1 -1 3 1
8 IN 9 12 1 8.5 1 -1
9 IN 10 11 5 3.5 2 -1
10 LN -1 -1 -1 -1 3 0
11 LN -1 -1 -1 -1 3 1
12 IN 13 14 0 5.5 2 -1
13 LN -1 -1 -1 -1 3 1
14 LN -1 -1 -1 -1 3 1

[TREE 63]
NB_NODES: 15
0 IN 1 8 1 4.5 0 -1
1 IN 2 5 7 7.5 1 -1
2 IN 3 4 3 5.5 2 -1
3 LN -1 -1 -1 -1 3 0
4 LN -1 -1 -1 -1 3 0
5 IN 6 7 3 2.5 2 -1
6 LN -1 -1 -1 -1 3 0
7 LN -1 -1 -1 -1 3 1
8 IN 9 12 1 8.5 1 -1
9 IN 10 11 7 3.5 2 -1
10 LN -1 -1 -1 -1 3 0
11 LN -1 -1 -1 -1 3 1
12 IN 13 14 3 1.5 2 -1
13 LN -1 -1 -1 -1 3 1
14 LN -1 -1 -1 -1 3 1

[TREE 64]
NB_NODES: 15
0 IN 1 8 4 3.5 0 -1
1 IN 2 5 1 6.5 1 -1
2 IN 3 4 7 4.5 2 -1
3 LN -1 -1 -1 -1 3 0
4 LN -1 -1 -1 -1 3 0
5 IN 6 7 4 0.5 2 -1
6 LN -1 -1 -1 -1 3 1
7 LN -1 -1 -1 -1 3 1
8 IN 9 12 1 8.5 1 -1
9 IN 10 11 7 3.5 2 -1
10 LN -1 -1 -1 -1 3 0
11 LN -1 -1 -1 -1 3 1
12 IN 13 14 6 8.5 2 -1
13 LN -1 -1 -1 -1 3 1
14 LN -1 -1 -1 -1 3 1

[TREE 65]
NB_NODES: 13
0 IN 1 6 1 5.5 0 -1
1 IN 2 3 5 1.5 1 -1
2 LN -1 -1 -1 -1 2 0
3 IN 4 5 0 5.5 2 -1
4 LN -1 -1 -1 -1 3 0
5 LN -1 -1 -1 -1 3 0
6 IN 7 10 6 1.5 1 -1
7 IN 8 9 1 8.5 2 -1
8 LN -1 -1 -1 -1 3 0
9 LN -1 -1 -1 -1 3 1
10 IN 11 12 5 3.5 2 -1
11 LN -1 -1 -1 -1 3 0
12 LN -1 -1 -1 -1 3 1

[TREE 66]
NB_NODES: 15
0 IN 1 8 7 4.5 0 -1
1 IN 2 5 5 2.5 1 -1
2 IN 3 4 2 0.5 2 -1
3 LN -1 -1 -1 -1 3 0
4 LN -1 -1 -1 -1 3 0
5 IN 6 7 2 0.5 2 -1
6 LN -1 -1 -1 -1 3 1
7 LN -1 -1 -1 -1 3 0
8 IN 9 12 6 3.5 1 -1
9 IN 10 11 1 4.5 2 -1
10 LN -1 -1 -1 -1 3 0
11 LN -1 -1 -1 -1 3 0
12 IN 13 14 5 3.5 2 -1
13 LN -1 -1 -1 -1 3 0
14 LN -1 -1 -1 -1 3 1

[TREE 67]
NB_NODES: 15
0 IN 1 8 1 5.5 0 -1
1 IN 2 5 7 4.5 1 -1
2 IN 3 4 3 6.5 2 -1
3 LN -1 -1 -1 -1 3 0
4 LN -1 -1 -1 -1 3 0
5 IN 6 7 0 5.5 2 -1
6 LN -1 -1 -1 -1 3 0
7 LN -1 -1 -1 -1 3 0
8 IN 9 12 7 0.5 1 -1
9 IN 10 11 6 8.5 2 -1
10 LN -1 -1 -1 -1 3 0
11 LN -1 -1 -1 -1 3 1
12 IN 13 14 5 3.5 2 -1
13 LN -1 -1 -1 -1 3 0
14 LN -1 -1 -1 -1 3 1

[TREE 68]
NB_NODES: 15
0 IN 1 8 4 2.5 0 -1
1 IN 2 5 5 3.5 1 -1
2 IN 3 4 0 3.5 2 -1
3 LN -1 -1 -1 -1 3 0
4 LN -1 -1 -1 -1 3 0
5 IN 6 7 1 5.5 2 -1
6 LN -1 -1 -1 -1 3 0
7 LN -1 -1 -1 -1 3 1
8 IN 9 12 7 4.5 1 -1
9 IN 10 11 5 8.5 2 -1
10 LN -1 -1 -1 -1 3 0
11 LN -1 -1 -1 -1 3 1
12 IN 13 14 2 5.5 2 -1
13 LN -1 -1 -1 -1 3 0
14 LN -1 -1 -1 -1 3 1

[TREE 69]
NB_NODES: 15
0 IN 1 8 5 2.5 0 -1
1 IN 2 5 3 4.5 1 -1
2 IN 3 4 1 8.5 2 -1
3 LN -1 -1 -1 -1 3 0
4 LN -1 -1 -1 -1 3 1
5 IN 6 7 1 7.5 2 -1
6 LN -1 -1 -1 -1 3 0
7 LN -1 -1 -1 -1 3 1
8 IN 9 12 1 5.5 1 -1
9 IN 10 11 0 5.5 2 -1
10 LN -1 -1 -1 -1 3 0
11 LN -1 -1 -1 -1 3 1
12 IN 13 14 1 7.5 2 -1
13 LN -1 -1 -1 -1 3 1
14 LN -1 -1 -1 -1 3 1

[TREE 70]
NB_NODES: 15
0 IN 1 8 1 6.5 0 -1
1 IN 2 5 7 7.5 1 -1
2 IN 3 4 1 3.5 2 -1
3 LN -1 -1 -1 -1 3 0
4 LN -1 -1 -1 -1 3 0
5 IN 6 7 3 2.5 2 -1
6 LN -1 -1 -1 -1 3 0
7 LN -1 -1 -1 -1 3 1
8 IN 9 12 1 8.5 1 -1
9 IN 10 11 5 3.5 2 -1
10 LN -1 -1 -1 -1 3 0
11 LN -1 -1 -1 -1 3 1
12 IN 13 14 4 1.5 2 -1
13 LN -1 -1 -1 -1 3 1
14 LN -1 -1 -1 -1 3 1

[TREE 71]
NB_NODES: 15
0 IN 1 8 1 6.5 0 -1
1 IN 2 5 1 2.5 1 -1
2 IN 3 4 4 3.5 2 -1
3 LN -1 -1 -1 -1 3 0
4 LN -1 -1 -1 -1 3 1
5 IN 6 7 0 5.5 2 -1
6 LN -1 -1 -1 -1 3 0
7 LN -1 -1 -1 -1 3 1
8 IN 9 12 6 3.5 1 -1
9 IN 10 11 1 8.5 2 -1
10 LN -1 -1 -1 -1 3 0
11 LN -1 -1 -1 -1 3 1
12 IN 13 14 0 6.5 2 -1
13 LN -1 -1 -1 -1 3 1
14 LN -1 -1 -1 -1 3 1

[TREE 72]
NB_NODES: 15
0 IN 1 8 1 6.5 0 -1
1 IN 2 5 1 2.5 1 -1
2 IN 3 4 2 7.5 2 -1
3 LN -1 -1 -1 -1 3 0
4 LN -1 -1 -1 -1 3 0
5 IN 6 7 7 4.5 2 -1
6 LN -1 -1 -1 -1 3 0
7 LN -1 -1 -1 -1 3 0
8 IN 9 12 1 8.5 1 -1
9 IN 10 11 7 2.5 2 -1
10 LN -1 -1 -1 -1 3 0
11 LN -1 -1 -1 -1 3 1
12 IN 13 14 6 4.5 2 -1
13 LN -1 -1 -1 -1 3 1
14 LN -1 -1 -1 -1 3 1

[TREE 73]
NB_NODES: 15
0 IN 1 8 1 6.5 0 -1
1 IN 2 5 1 3.5 1 -1
2 IN 3 4 4 3.5 2 -1
3 LN -1 -1 -1 -1 3 0
4 LN -1 -1 -1 -1 3 1
5 IN 6 7 7 5.5 2 -1
6 LN -1 -1 -1 -1 3 0
7 LN -1 -1 -1 -1 3 1
8 IN 9 12 1 8.5 1 -1
9 IN 10 11 0 5.5 2 -1
10 LN -1 -1 -1 -1 3 0
11 LN -1 -1 -1 -1 3 1
12 IN 13 14 6 8.5 2 -1
13 LN -1 -1 -1 -1 3 1
14 LN -1 -1 -1 -1 3 1

[TREE 74]
NB_NODES: 15
0 IN 1 8 1 4.5 0 -1
1 IN 2 5 0 5.5 1 -1
2 IN 3 4 5 4.5 2 -1
3 LN -1 -1 -1 -1 3 0
4 LN -1 -1 -1 -1 3 0
5 IN 6 7 3 3.5 2 -1
6 LN -1 -1 -1 -1 3 0
7 LN -1 -1 -1 -1 3 1
8 IN 9 12 7 4.5 1 -1
9 IN 10 11 1 8.5 2 -1
10 LN -1 -1 -1 -1 3 0
11 LN -1 -1 -1 -1 3 1
12 IN 13 14 1 8.5 2 -1
13 LN -1 -1 -1 -1 3 1
14 LN -1 -1 -1 -1 3 1

[TREE 75]
NB_NODES: 15
0 IN 1 8 4 3.5 0 -1
1 IN 2 5 1 3.5 1 -1
2 IN 3 4 0 5.5 2 -1
3 LN -1 -1 -1 -1 3 0
4 LN -1 -1 -1 -1 3 0
5 IN 6 7 1 7.5 2 -1
6 LN -1 -1 -1 -1 3 0
7 LN -1 -1 -1 -1 3 1
8 IN 9 12 7 4.5 1 -1
9 IN 10 11 1 8.5 2 -1
10 LN -1 -1 -1 -1 3 0
11 LN -1 -1 -1 -1 3 1
12 IN 13 14 5 8.5 2 -1
13 LN -1 -1 -1 -1 3 1
14 LN -1 -1 -1 -1 3 1

[TREE 76]
NB_NODES: 15
0 IN 1 8 5 3.5 0 -1
1 IN 2 5 7 3.5 1 -1
2 IN 3 4 0 5.5 2 -1
3 LN -1 -1 -1 -1 3 0
4 LN -1 -1 -1 -1 3 1
5 IN 6 7 1 8.5 2 -1
6 LN -1 -1 -1 -1 3 0
7 LN -1 -1 -1 -1 3 1
8 IN 9 12 1 5.5 1 -1
9 IN 10 11 1 2.5 2 -1
10 LN -1 -1 -1 -1 3 0
11 LN -1 -1 -1 -1 3 0
12 IN 13 14 7 4.5 2 -1
13 LN -1 -1 -1 -1 3 1
14 LN -1 -1 -1 -1 3 1

[TREE 77]
NB_NODES: 15
0 IN 1 8 7 4.5 0 -1
1 IN 2 5 5 3.5 1 -1
2 IN 3 4 3 0.5 2 -1
3 LN -1 -1 -1 -1 3 0
4 LN -1 -1 -1 -1 3 0
5 IN 6 7 7 2.5 2 -1
6 LN -1 -1 -1 -1 3 0
7 LN -1 -1 -1 -1 3 0
8 IN 9 12 1 6.5 1 -1
9 IN 10 11 6 6.5 2 -1
10 LN -1 -1 -1 -1 3 0
11 LN -1 -1 -1 -1 3 1
12 IN 13 14 5 3.5 2 -1
13 LN -1 -1 -1 -1 3 1
14 LN -1 -1 -1 -1 3 1

[TREE 78]
NB_NODES: 15
0 IN 1 8 5 2.5 0 -1
1 IN 2 5 0 5.5 1 -1
2 IN 3 4 2 0.5 2 -1
3 LN -1 -1 -1 -1 3 0
4 LN -1 -1 -1 -1 3 0
5 IN 6 7 5 1.5 2 -1
6 LN -1 -1 -1 -1 3 0
7 LN -1 -1 -1 -1 3 1
8 IN 9 12 1 5.5 1 -1
9 IN 10 11 7 4.5 2 -1
10 LN -1 -1 -1 -1 3 0
11 LN -1 -1 -1 -1 3 0
12 IN 13 14 6 1.5 2 -1
13 LN -1 -1 -1 -1 3 0
14 LN -1 -1 -1 -1 3 1

[TREE 79]
NB_NODES: 15
0 IN 1 8 1 6.5 0 -1
1 IN 2 5 5 4.5 1 -1
2 IN 3 4 0 4.5 2 -1
3 LN -1 -1 -1 -1 3 0
4 LN -1 -1 -1 -1 3 0
5 IN 6 7 6 6.5 2 -1
6 LN -1 -1 -1 -1 3 0
7 LN -1 -1 -1 -1 3 1
8 IN 9 12 5 3.5 1 -1
9 IN 10 11 7 3.5 2 -1
10 LN -1 -1 -1 -1 3 0
11 LN -1 -1 -1 -1 3 0
12 IN 13 14 0 5.5 2 -1
13 LN -1 -1 -1 -1 3 1
14 LN -1 -1 -1 -1 3 1

[TREE 80]
NB_NODES: 15
0 IN 1 8 5 3.5 0 -1
1 IN 2 5 1 7.5 1 -1
2 IN 3 4 5 1.5 2 -1
3 LN -1 -1 -1 -1 3 0
4 LN -1 -1 -1 -1 3 0
5 IN 6 7 1 8.5 2 -1
6 LN -1 -1 -1 -1 3 0
7 LN -1 -1 -1 -1 3 1
8 IN 9 12 1 5.5 1 -1
9 IN 10 11 1 2.5 2 -1
10 LN -1 -1 -1 -1 3 0
11 LN -1 -1 -1 -1 3 0
12 IN 13 14 1 8.5 2 -1
13 LN -1 -1 -1 -1 3 1
14 LN -1 -1 -1 -1 3 1

[TREE 81]
NB_NODES: 15
0 IN 1 8 5 3.5 0 -1
1 IN 2 5 1 8.5 1 -1
2 IN 3 4 7 3.5 2 -1
3 LN -1 -1 -1 -1 3 0
4 LN -1 -1 -1 -1 3 0
5 IN 6 7 5 1.5 2 -1
6 LN -1 -1 -1 -1 3 1
7 LN -1 -1 -1 -1 3 0
8 IN 9 12 7 2.5 1 -1
9 IN 10 11 4 0.5 2 -1
10 LN -1 -1 -1 -1 3 0
11 LN -1 -1 -1 -1 3 0
12 IN 13 14 1 5.5 2 -1
13 LN -1 -1 -1 -1 3 0
14 LN -1 -1 -1 -1 3 1

[TREE 82]
NB_NODES: 13
0 IN 1 6 5 3.5 0 -1
1 IN 2 5 1 8.5 1 -1
2 IN 3 4 1 2.5 2 -1
3 LN -1 -1 -1 -1 3 0
4 LN -1 -1 -1 -1 3 0
5 LN -1 -1 -1 -1 2 1
6 IN 7 10 1 6.5 1 -1
7 IN 8 9 1 1.5 2 -1
8 LN -1 -1 -1 -1 3 0
9 LN -1 -1 -1 -1 3 0
10 IN 11 12 6 3.5 2 -1
11 LN -1 -1 -1 -1 3 1
12 LN -1 -1 -1 -1 3 1

[TREE 83]
NB_NODES: 15
0 IN 1 8 1 7.5 0 -1
1 IN 2 5 5 2.5 1 -1
2 IN 3 4 1 3.5 2 -1
3 LN -1 -1 -1 -1 3 0
4 LN -1 -1 -1 -1 3 0
5 IN 6 7 7 2.5 2 -1
6 LN -1 -1 -1 -1 3 0
7 LN -1 -1 -1 -1 3 0
8 IN 9 12 1 8.5 1 -1
9 IN 10 11 3 4.5 2 -1
10 LN -1 -1 -1 -1 3 1
11 LN -1 -1 -1 -1 3 0
12 IN 13 14 3 5.5 2 -1
13 LN -1 -1 -1 -1 3 1
14 LN -1 -1 -1 -1 3 1

[TREE 84]
NB_NODES: 15
0 IN 1 8 1 6.5 0 -1
1 IN 2 5 7 4.5 1 -1
2 IN 3 4 3 5.5 2 -1
3 LN -1 -1 -1 -1 3 0
4 LN -1 -1 -1 -1 3 0
5 IN 6 7 5 1.5 2 -1
6 LN -1 -1 -1 -1 3 0
7 LN -1 -1 -1 -1 3 0
8 IN 9 12 1 8.5 1 -1
9 IN 10 11 6 5.5 2 -1
10 LN -1 -1 -1 -1 3 0
11 LN -1 -1 -1 -1 3 1
12 IN 13 14 6 8.5 2 -1
13 LN -1 -1 -1 -1 3 1
14 LN -1 -1 -1 -1 3 1

[TREE 85]
NB_NODES: 13
0 IN 1 8 1 5.5 0 -1
1 IN 2 5 7 4.5 1 -1
2 IN 3 4 5 4.5 2 -1
3 LN -1 -1 -1 -1 3 0
4 LN -1 -1 -1 -1 3 0
5 IN 6 7 5 1.5 2 -1
6 LN -1 -1 -1 -1 3 0
7 LN -1 -1 -1 -1 3 0
8 IN 9 10 2 0.5 1 -1
9 LN -1 -1 -1 -1 2 1
10 IN 11 12 5 3.5 2 -1
11 LN -1 -1 -1 -1 3 0
12 LN -1 -1 -1 -1 3 1

[TREE 86]
NB_NODES: 15
0 IN 1 8 1 5.5 0 -1
1 IN 2 5 5 1.5 1 -1
2 IN 3 4 1 3.5 2 -1
3 LN -1 -1 -1 -1 3 0
4 LN -1 -1 -1 -1 3 0
5 IN 6 7 0 5.5 2 -1
6 LN -1 -1 -1 -1 3 0
7 LN -1 -1 -1 -1 3 1
8 IN 9 12 7 2.5 1 -1
9 IN 10 11 5 7.5 2 -1
10 LN -1 -1 -1 -1 3 0
11 LN -1 -1 -1 -1 3 1
12 IN 13 14 2 5.5 2 -1
13 LN -1 -1 -1 -1 3 1
14 LN -1 -1 -1 -1 3 1

[TREE 87]
NB_NODES: 15
0 IN 1 8 1 5.5 0 -1
1 IN 2 5 1 1.5 1 -1
2 IN 3 4 5 7.5 2 -1
3 LN -1 -1 -1 -1 3 0
4 LN -1 -1 -1 -1 3 0
5 IN 6 7 0 5.5 2 -1
6 LN -1 -1 -1 -1 3 0
7 LN -1 -1 -1 -1 3 0
8 IN 9 12 1 8.5 1 -1
9 IN 10 11 5 3.5 2 -1
10 LN -1 -1 -1 -1 3 0
11 LN -1 -1 -1 -1 3 1
12 IN 13 14 3 0.5 2 -1
13 LN -1 -1 -1 -1 3 1
14 LN -1 -1 -1 -1 3 1

[TREE 88]
NB_NODES: 15
0 IN 1 8 1 7.5 0 -1
1 IN 2 5 4 2.5 1 -1
2 IN 3 4 1 2.5 2 -1
3 LN -1 -1 -1 -1 3 0
4 LN -1 -1 -1 -1 3 0
5 IN 6 7 7 2.5 2 -1
6 LN -1 -1 -1 -1 3 0
7 LN -1 -1 -1 -1 3 0
8 IN 9 12 7 2.5 1 -1
9 IN 10 11 4 4.5 2 -1
10 LN -1 -1 -1 -1 3 1
11 LN -1 -1 -1 -1 3 0
12 IN 13 14 2 0.5 2 -1
13 LN -1 -1 -1 -1 3 0
14 LN -1 -1 -1 -1 3 1

[TREE 89]
NB_NODES: 15
0 IN 1 8 7 5.5 0 -1
1 IN 2 5 3 5.5 1 -1
2 IN 3 4 1 6.5 2 -1
3 LN -1 -1 -1 -1 3 0
4 LN -1 -1 -1 -1 3 1
5 IN 6 7 0 1.5 2 -1
6 LN -1 -1 -1 -1 3 0
7 LN -1 -1 -1 -1 3 1
8 IN 9 12 4 2.5 1 -1
9 IN 10 11 1 2.5 2 -1
10 LN -1 -1 -1 -1 3 0
11 LN -1 -1 -1 -1 3 1
12 IN 13 14 5 1.5 2 -1
13 LN -1 -1 -1 -1 3 0
14 LN -1 -1 -1 -1 3 1

[TREE 90]
NB_NODES: 15
0 IN 1 8 1 5.5 0 -1
1 IN 2 5 0 5.5 1 -1
2 IN 3 4 3 6.5 2 -1
3 LN -1 -1 -1 -1 3 0
4 LN -1 -1 -1 -1 3 0
5 IN 6 7 7 5.5 2 -1
6 LN -1 -1 -1 -1 3 1
7 LN -1 -1 -1 -1 3 0
8 IN 9 12 5 3.5 1 -1
9 IN 10 11 5 1.5 2 -1
10 LN -1 -1 -1 -1 3 0
11 LN -1 -1 -1 -1 3 0
12 IN 13 14 1 6.5 2 -1
13 LN -1 -1 -1 -1 3 1
14 LN -1 -1 -1 -1 3 1

[TREE 91]
NB_NODES: 15
0 IN 1 8 1 5.5 0 -1
1 IN 2 5 7 4.5 1 -1
2 IN 3 4 5 4.5 2 -1
3 LN -1 -1 -1 -1 3 0
4 LN -1 -1 -1 -1 3 0
5 IN 6 7 6 1.5 2 -1
6 LN -1 -1 -1 -1 3 0
7 LN -1 -1 -1 -1 3 0
8 IN 9 12 7 2.5 1 -1
9 IN 10 11 1 8.5 2 -1
10 LN -1 -1 -1 -1 3 0
11 LN -1 -1 -1 -1 3 1
12 IN 13 14 5 3.5 2 -1
13 LN -1 -1 -1 -1 3 0
14 LN -1 -1 -1 -1 3 1

[TREE 92]
NB_NODES: 15
0 IN 1 8 1 5.5 0 -1
1 IN 2 5 0 5.5 1 -1
2 IN 3 4 4 3.5 2 -1
3 LN -1 -1 -1 -1 3 0
4 LN -1 -1 -1 -1 3 0
5 IN 6 7 5 1.5 2 -1
6 LN -1 -1 -1 -1 3 0
7 LN -1 -1 -1 -1 3 1
8 IN 9 12 5 3.5 1 -1
9 IN 10 11 0 1.5 2 -1
10 LN -1 -1 -1 -1 3 0
11 LN -1 -1 -1 -1 3 0
12 IN 13 14 6 3.5 2 -1
13 LN -1 -1 -1 -1 3 1
14 LN -1 -1 -1 -1 3 1

[TREE 93]
NB_NODES: 15
0 IN 1 8 1 6.5 0 -1
1 IN 2 5 7 3.5 1 -1
2 IN 3 4 2 2.5 2 -1
3 LN -1 -1 -1 -1 3 0
4 LN -1 -1 -1 -1 3 0
5 IN 6 7 6 1.5 2 -1
6 LN -1 -1 -1 -1 3 0
7 LN -1 -1 -1 -1 3 0
8 IN 9 12 6 3.5 1 -1
9 IN 10 11 7 7.5 2 -1
10 LN -1 -1 -1 -1 3 0
11 LN -1 -1 -1 -1 3 1
12 IN 13 14 2 2.5 2 -1
13 LN -1 -1 -1 -1 3 1
14 LN -1 -1 -1 -1 3 1

[TREE 94]
NB_NODES: 15
0 IN 1 8 1 7.5 0 -1
1 IN 2 5 5 2.5 1 -1
2 IN 3 4 1 3.5 2 -1
3 LN -1 -1 -1 -1 3 0
4 LN -1 -1 -1 -1 3 0
5 IN 6 7 7 4.5 2 -1
6 LN -1 -1 -1 -1 3 0
7 LN -1 -1 -1 -1 3 1
8 IN 9 12 6 3.5 1 -1
9 IN 10 11 0 1.5 2 -1
10 LN -1 -1 -1 -1 3 0
11 LN -1 -1 -1 -1 3 1
12 IN 13 14 2 5.5 2 -1
13 LN -1 -1 -1 -1 3 1
14 LN -1 -1 -1 -1 3 1

[TREE 95]
NB_NODES: 15
0 IN 1 8 5 3.5 0 -1
1 IN 2 5 1 6.5 1 -1
2 IN 3 4 0 3.5 2 -1
3 LN -1 -1 -1 -1 3 0
4 LN -1 -1 -1 -1 3 0
5 IN 6 7 5 0.5 2 -1
6 LN -1 -1 -1 -1 3 0
7 LN -1 -1 -1 -1 3 0
8 IN 9 12 0 5.5 1 -1
9 IN 10 11 1 8.5 2 -1
10 LN -1 -1 -1 -1 3 0
11 LN -1 -1 -1 -1 3 1
12 IN 13 14 1 0.5 2 -1
13 LN -1 -1 -1 -1 3 0
14 LN -1 -1 -1 -1 3 1

[TREE 96]
NB_NODES: 15
0 IN 1 8 1 6.5 0 -1
1 IN 2 5 6 7.5 1 -1
2 IN 3 4 0 4.5 2 -1
3 LN -1 -1 -1 -1 3 0
4 LN -1 -1 -1 -1 3 0
5 IN 6 7 3 4.5 2 -1
6 LN -1 -1 -1 -1 3 0
7 LN -1 -1 -1 -1 3 1
8 IN 9 12 1 8.5 1 -1
9 IN 10 11 5 3.5 2 -1
10 LN -1 -1 -1 -1 3 0
11 LN -1 -1 -1 -1 3 1
12 IN 13 14 2 8.5 2 -1
13 LN -1 -1 -1 -1 3 1
14 LN -1 -1 -1 -1 3 1

[TREE 97]
NB_NODES: 15
0 IN 1 8 1 4.5 0 -1
1 IN 2 5 0 5.5 1 -1
2 IN 3 4 7 6.5 2 -1
3 LN -1 -1 -1 -1 3 0
4 LN -1 -1 -1 -1 3 0
5 IN 6 7 7 5.5 2 -1
6 LN -1 -1 -1 -1 3 1
7 LN -1 -1 -1 -1 3 0
8 IN 9 12 1 8.5 1 -1
9 IN 10 11 5 3.5 2 -1
10 LN -1 -1 -1 -1 3 0
11 LN -1 -1 -1 -1 3 1
12 IN 13 14 0 1.5 2 -1
13 LN -1 -1 -1 -1 3 1
14 LN -1 -1 -1 -1 3 1

[TREE 98]
NB_NODES: 15
0 IN 1 8 1 6.5 0 -1
1 IN 2 5 5 1.5 1 -1
2 IN 3 4 0 6.5 2 -1
3 LN -1 -1 -1 -1 3 0
4 LN -1 -1 -1 -1 3 0
5 IN 6 7 0 5.5 2 -1
6 LN -1 -1 -1 -1 3 0
7 LN -1 -1 -1 -1 3 1
8 IN 9 12 5 2.5 1 -1
9 IN 10 11 2 5.5 2 -1
10 LN -1 -1 -1 -1 3 0
11 LN -1 -1 -1 -1 3 0
12 IN 13 14 1 8.5 2 -1
13 LN -1 -1 -1 -1 3 1
14 LN -1 -1 -1 -1 3 1

[TREE 99]
NB_NODES: 15
0 IN 1 8 1 2.5 0 -1
1 IN 2 5 4 4.5 1 -1
2 IN 3 4 0 4.5 2 -1
3 LN -1 -1 -1 -1 3 0
4 LN -1 -1 -1 -1 3 0
5 IN 6 7 7 5.0 2 -1
6 LN -1 -1 -1 -1 3 0
7 LN -1 -1 -1 -1 3 1
8 IN 9 12 5 3.5 1 -1
9 IN 10 11 0 3.5 2 -1
10 LN -1 -1 -1 -1 3 0
11 LN -1 -1 -1 -1 3 0
12 IN 13 14 1 5.5 2 -1
13 LN -1 -1 -1 -1 3 0
14 LN -1 -1 -1 -1 3 1

