DATASET_NAME: Pima-Diabetes.train8.csv
ENSEMBLE: RF
NB_TREES: 5
NB_FEATURES: 8
NB_CLASSES: 2
MAX_TREE_DEPTH: 4
Format: node / node type (LN - leave node, IN - internal node) left child / right child / feature / threshold / node_depth / majority class (starts with index 0)

[FEATURES] 
Pregnancies : F 
Glucose : F 
BloodPressure : F 
SkinThickness : F 
Insulin : F 
BMI : F 
DiabetesPedigreeFunction : F 
Age : F 

[TREE 0]
NB_NODES: 29
0 IN 1 16 1 7.5 0 -1
1 IN 2 9 5 2.5 1 -1
2 IN 3 6 0 2.5 2 -1
3 IN 4 5 7 5.5 3 -1
4 LN -1 -1 -1 -1 4 0
5 LN -1 -1 -1 -1 4 0
6 IN 7 8 1 2.5 3 -1
7 LN -1 -1 -1 -1 4 0
8 LN -1 -1 -1 -1 4 0
9 IN 10 13 6 1.5 2 -1
10 IN 11 12 1 4.5 3 -1
11 LN -1 -1 -1 -1 4 0
12 LN -1 -1 -1 -1 4 0
13 IN 14 15 7 4.5 3 -1
14 LN -1 -1 -1 -1 4 0
15 LN -1 -1 -1 -1 4 1
16 IN 17 22 1 8.5 1 -1
17 IN 18 19 7 2.5 2 -1
18 LN -1 -1 -1 -1 3 0
19 IN 20 21 6 1.5 3 -1
20 LN -1 -1 -1 -1 4 0
21 LN -1 -1 -1 -1 4 1
22 IN 23 26 2 8.5 2 -1
23 IN 24 25 7 5.5 3 -1
24 LN -1 -1 -1 -1 4 1
25 LN -1 -1 -1 -1 4 1
26 IN 27 28 7 1.5 3 -1
27 LN -1 -1 -1 -1 4 0
28 LN -1 -1 -1 -1 4 1

[TREE 1]
NB_NODES: 31
0 IN 1 16 5 3.5 0 -1
1 IN 2 9 7 4.5 1 -1
2 IN 3 6 7 3.5 2 -1
3 IN 4 5 1 6.5 3 -1
4 LN -1 -1 -1 -1 4 0
5 LN -1 -1 -1 -1 4 0
6 IN 7 8 1 6.5 3 -1
7 LN -1 -1 -1 -1 4 0
8 LN -1 -1 -1 -1 4 0
9 IN 10 13 4 3.5 2 -1
10 IN 11 12 3 4.5 3 -1
11 LN -1 -1 -1 -1 4 0
12 LN -1 -1 -1 -1 4 1
13 IN 14 15 7 7.5 3 -1
14 LN -1 -1 -1 -1 4 1
15 LN -1 -1 -1 -1 4 1
16 IN 17 24 1 3.5 1 -1
17 IN 18 21 4 3.5 2 -1
18 IN 19 20 2 7.5 3 -1
19 LN -1 -1 -1 -1 4 0
20 LN -1 -1 -1 -1 4 0
21 IN 22 23 2 6.5 3 -1
22 LN -1 -1 -1 -1 4 0
23 LN -1 -1 -1 -1 4 1
24 IN 25 28 1 8.5 2 -1
25 IN 26 27 7 6.5 3 -1
26 LN -1 -1 -1 -1 4 0
27 LN -1 -1 -1 -1 4 1
28 IN 29 30 6 3.5 3 -1
29 LN -1 -1 -1 -1 4 1
30 LN -1 -1 -1 -1 4 1

[TREE 2]
NB_NODES: 29
0 IN 1 16 5 2.5 0 -1
1 IN 2 9 4 2.5 1 -1
2 IN 3 6 1 7.5 2 -1
3 IN 4 5 7 5.5 3 -1
4 LN -1 -1 -1 -1 4 0
5 LN -1 -1 -1 -1 4 0
6 IN 7 8 3 0.5 3 -1
7 LN -1 -1 -1 -1 4 0
8 LN -1 -1 -1 -1 4 1
9 IN 10 13 0 4.5 2 -1
10 IN 11 12 7 4.5 3 -1
11 LN -1 -1 -1 -1 4 0
12 LN -1 -1 -1 -1 4 1
13 IN 14 15 2 4.5 3 -1
14 LN -1 -1 -1 -1 4 1
15 LN -1 -1 -1 -1 4 0
16 IN 17 24 1 6.5 1 -1
17 IN 18 21 7 4.5 2 -1
18 IN 19 20 1 5.5 3 -1
19 LN -1 -1 -1 -1 4 0
20 LN -1 -1 -1 -1 4 0
21 IN 22 23 0 6.5 3 -1
22 LN -1 -1 -1 -1 4 0
23 LN -1 -1 -1 -1 4 1
24 IN 25 28 0 6.5 2 -1
25 IN 26 27 2 7.5 3 -1
26 LN -1 -1 -1 -1 4 1
27 LN -1 -1 -1 -1 4 1
28 LN -1 -1 -1 -1 3 1

[TREE 3]
NB_NODES: 29
0 IN 1 16 0 5.5 0 -1
1 IN 2 9 5 3.5 1 -1
2 IN 3 6 7 4.5 2 -1
3 IN 4 5 1 5.5 3 -1
4 LN -1 -1 -1 -1 4 0
5 LN -1 -1 -1 -1 4 0
6 IN 7 8 3 2.5 3 -1
7 LN -1 -1 -1 -1 4 0
8 LN -1 -1 -1 -1 4 0
9 IN 10 13 4 0.5 2 -1
10 IN 11 12 1 4.5 3 -1
11 LN -1 -1 -1 -1 4 0
12 LN -1 -1 -1 -1 4 1
13 IN 14 15 1 8.5 3 -1
14 LN -1 -1 -1 -1 4 0
15 LN -1 -1 -1 -1 4 1
16 IN 17 22 1 1.5 1 -1
17 IN 18 19 3 4.0 2 -1
18 LN -1 -1 -1 -1 3 0
19 IN 20 21 0 6.5 3 -1
20 LN -1 -1 -1 -1 4 0
21 LN -1 -1 -1 -1 4 1
22 IN 23 26 3 2.5 2 -1
23 IN 24 25 2 3.5 3 -1
24 LN -1 -1 -1 -1 4 1
25 LN -1 -1 -1 -1 4 0
26 IN 27 28 6 3.5 3 -1
27 LN -1 -1 -1 -1 4 1
28 LN -1 -1 -1 -1 4 1

[TREE 4]
NB_NODES: 31
0 IN 1 16 7 4.5 0 -1
1 IN 2 9 1 6.5 1 -1
2 IN 3 6 5 4.5 2 -1
3 IN 4 5 0 5.5 3 -1
4 LN -1 -1 -1 -1 4 0
5 LN -1 -1 -1 -1 4 0
6 IN 7 8 6 8.5 3 -1
7 LN -1 -1 -1 -1 4 0
8 LN -1 -1 -1 -1 4 1
9 IN 10 13 2 1.5 2 -1
10 IN 11 12 2 0.5 3 -1
11 LN -1 -1 -1 -1 4 1
12 LN -1 -1 -1 -1 4 1
13 IN 14 15 7 1.5 3 -1
14 LN -1 -1 -1 -1 4 0
15 LN -1 -1 -1 -1 4 1
16 IN 17 24 1 6.5 1 -1
17 IN 18 21 4 3.5 2 -1
18 IN 19 20 5 1.5 3 -1
19 LN -1 -1 -1 -1 4 0
20 LN -1 -1 -1 -1 4 0
21 IN 22 23 5 1.5 3 -1
22 LN -1 -1 -1 -1 4 0
23 LN -1 -1 -1 -1 4 1
24 IN 25 28 4 3.5 2 -1
25 IN 26 27 6 3.5 3 -1
26 LN -1 -1 -1 -1 4 1
27 LN -1 -1 -1 -1 4 1
28 IN 29 30 5 8.5 3 -1
29 LN -1 -1 -1 -1 4 1
30 LN -1 -1 -1 -1 4 0

