DATASET_NAME: Pima-Diabetes.train7.csv
ENSEMBLE: RF
NB_TREES: 5
NB_FEATURES: 8
NB_CLASSES: 2
MAX_TREE_DEPTH: 4
Format: node / node type (LN - leave node, IN - internal node) left child / right child / feature / threshold / node_depth / majority class (starts with index 0)

[FEATURES] 
Pregnancies : F 
Glucose : F 
BloodPressure : F 
SkinThickness : F 
Insulin : F 
BMI : F 
DiabetesPedigreeFunction : F 
Age : F 

[TREE 0]
NB_NODES: 25
0 IN 1 10 1 5.5 0 -1
1 IN 2 3 5 1.5 1 -1
2 LN -1 -1 -1 -1 2 0
3 IN 4 7 0 4.5 2 -1
4 IN 5 6 1 3.5 3 -1
5 LN -1 -1 -1 -1 4 0
6 LN -1 -1 -1 -1 4 0
7 IN 8 9 6 7.5 3 -1
8 LN -1 -1 -1 -1 4 0
9 LN -1 -1 -1 -1 4 1
10 IN 11 18 6 3.5 1 -1
11 IN 12 15 1 8.5 2 -1
12 IN 13 14 2 8.5 3 -1
13 LN -1 -1 -1 -1 4 0
14 LN -1 -1 -1 -1 4 1
15 IN 16 17 0 3.5 3 -1
16 LN -1 -1 -1 -1 4 0
17 LN -1 -1 -1 -1 4 1
18 IN 19 22 4 2.5 2 -1
19 IN 20 21 5 0.5 3 -1
20 LN -1 -1 -1 -1 4 0
21 LN -1 -1 -1 -1 4 1
22 IN 23 24 1 8.5 3 -1
23 LN -1 -1 -1 -1 4 0
24 LN -1 -1 -1 -1 4 1

[TREE 1]
NB_NODES: 31
0 IN 1 16 7 4.5 0 -1
1 IN 2 9 5 2.5 1 -1
2 IN 3 6 6 4.5 2 -1
3 IN 4 5 1 6.5 3 -1
4 LN -1 -1 -1 -1 4 0
5 LN -1 -1 -1 -1 4 0
6 IN 7 8 1 6.5 3 -1
7 LN -1 -1 -1 -1 4 0
8 LN -1 -1 -1 -1 4 1
9 IN 10 13 1 5.5 2 -1
10 IN 11 12 1 3.5 3 -1
11 LN -1 -1 -1 -1 4 0
12 LN -1 -1 -1 -1 4 0
13 IN 14 15 6 3.5 3 -1
14 LN -1 -1 -1 -1 4 0
15 LN -1 -1 -1 -1 4 1
16 IN 17 24 1 6.5 1 -1
17 IN 18 21 1 1.5 2 -1
18 IN 19 20 4 3.5 3 -1
19 LN -1 -1 -1 -1 4 0
20 LN -1 -1 -1 -1 4 1
21 IN 22 23 0 1.5 3 -1
22 LN -1 -1 -1 -1 4 1
23 LN -1 -1 -1 -1 4 0
24 IN 25 28 6 1.5 2 -1
25 IN 26 27 2 3.5 3 -1
26 LN -1 -1 -1 -1 4 1
27 LN -1 -1 -1 -1 4 0
28 IN 29 30 3 6.5 3 -1
29 LN -1 -1 -1 -1 4 1
30 LN -1 -1 -1 -1 4 1

[TREE 2]
NB_NODES: 31
0 IN 1 16 5 3.5 0 -1
1 IN 2 9 2 3.5 1 -1
2 IN 3 6 0 5.5 2 -1
3 IN 4 5 7 3.5 3 -1
4 LN -1 -1 -1 -1 4 0
5 LN -1 -1 -1 -1 4 0
6 IN 7 8 6 3.5 3 -1
7 LN -1 -1 -1 -1 4 1
8 LN -1 -1 -1 -1 4 0
9 IN 10 13 0 4.5 2 -1
10 IN 11 12 7 3.5 3 -1
11 LN -1 -1 -1 -1 4 0
12 LN -1 -1 -1 -1 4 0
13 IN 14 15 3 5.5 3 -1
14 LN -1 -1 -1 -1 4 0
15 LN -1 -1 -1 -1 4 1
16 IN 17 24 1 5.5 1 -1
17 IN 18 21 7 2.5 2 -1
18 IN 19 20 7 1.5 3 -1
19 LN -1 -1 -1 -1 4 0
20 LN -1 -1 -1 -1 4 0
21 IN 22 23 1 3.5 3 -1
22 LN -1 -1 -1 -1 4 0
23 LN -1 -1 -1 -1 4 0
24 IN 25 28 0 2.5 2 -1
25 IN 26 27 2 5.5 3 -1
26 LN -1 -1 -1 -1 4 1
27 LN -1 -1 -1 -1 4 0
28 IN 29 30 2 8.5 3 -1
29 LN -1 -1 -1 -1 4 1
30 LN -1 -1 -1 -1 4 1

[TREE 3]
NB_NODES: 31
0 IN 1 16 5 2.5 0 -1
1 IN 2 9 7 5.5 1 -1
2 IN 3 6 7 4.5 2 -1
3 IN 4 5 1 7.5 3 -1
4 LN -1 -1 -1 -1 4 0
5 LN -1 -1 -1 -1 4 0
6 IN 7 8 0 3.0 3 -1
7 LN -1 -1 -1 -1 4 1
8 LN -1 -1 -1 -1 4 0
9 IN 10 13 0 4.5 2 -1
10 IN 11 12 5 1.5 3 -1
11 LN -1 -1 -1 -1 4 0
12 LN -1 -1 -1 -1 4 0
13 IN 14 15 1 7.5 3 -1
14 LN -1 -1 -1 -1 4 0
15 LN -1 -1 -1 -1 4 1
16 IN 17 24 1 6.5 1 -1
17 IN 18 21 1 1.5 2 -1
18 IN 19 20 0 2.5 3 -1
19 LN -1 -1 -1 -1 4 0
20 LN -1 -1 -1 -1 4 0
21 IN 22 23 6 8.5 3 -1
22 LN -1 -1 -1 -1 4 0
23 LN -1 -1 -1 -1 4 1
24 IN 25 28 4 0.5 2 -1
25 IN 26 27 5 6.5 3 -1
26 LN -1 -1 -1 -1 4 1
27 LN -1 -1 -1 -1 4 1
28 IN 29 30 1 8.5 3 -1
29 LN -1 -1 -1 -1 4 1
30 LN -1 -1 -1 -1 4 1

[TREE 4]
NB_NODES: 31
0 IN 1 16 7 4.5 0 -1
1 IN 2 9 1 5.5 1 -1
2 IN 3 6 6 5.5 2 -1
3 IN 4 5 5 8.5 3 -1
4 LN -1 -1 -1 -1 4 0
5 LN -1 -1 -1 -1 4 0
6 IN 7 8 0 2.5 3 -1
7 LN -1 -1 -1 -1 4 0
8 LN -1 -1 -1 -1 4 0
9 IN 10 13 1 8.5 2 -1
10 IN 11 12 2 7.5 3 -1
11 LN -1 -1 -1 -1 4 0
12 LN -1 -1 -1 -1 4 0
13 IN 14 15 3 3.5 3 -1
14 LN -1 -1 -1 -1 4 0
15 LN -1 -1 -1 -1 4 1
16 IN 17 24 1 5.5 1 -1
17 IN 18 21 4 3.5 2 -1
18 IN 19 20 5 1.5 3 -1
19 LN -1 -1 -1 -1 4 0
20 LN -1 -1 -1 -1 4 0
21 IN 22 23 2 5.5 3 -1
22 LN -1 -1 -1 -1 4 0
23 LN -1 -1 -1 -1 4 1
24 IN 25 28 2 1.5 2 -1
25 IN 26 27 0 2.5 3 -1
26 LN -1 -1 -1 -1 4 1
27 LN -1 -1 -1 -1 4 1
28 IN 29 30 5 3.5 3 -1
29 LN -1 -1 -1 -1 4 0
30 LN -1 -1 -1 -1 4 1

