DATASET_NAME: FICO.train6.csv
ENSEMBLE: RF
NB_TREES: 100
NB_FEATURES: 17
NB_CLASSES: 2
MAX_TREE_DEPTH: 4
Format: node / node type (LN - leave node, IN - internal node) left child / right child / feature / threshold / node_depth / majority class (starts with index 0)

[FEATURES] 
ExternalRiskEstimate<0.49 : B 
ExternalRiskEstimate<0.65 : B 
ExternalRiskEstimate<0.80 : B 
NumSatisfactoryTrades<0.5 : B 
TradeOpenTime<0.6 : B 
TradeOpenTime<0.85 : B 
TradeFrequency<0.45 : B 
TradeFrequency<0.6 : B 
Delinquency<0.55 : B 
Delinquency<0.75 : B 
Installment<0.5 : B 
Installment<0.7 : B 
Inquiry<0.75 : B 
RevolvingBalance<0.4 : B 
RevolvingBalance<0.6 : B 
Utilization<0.6 : B 
TradeWBalance<0.33 : B 

[TREE 0]
NB_NODES: 31
0 IN 1 16 0 0.5 0 -1
1 IN 2 9 14 0.5 1 -1
2 IN 3 6 12 0.5 2 -1
3 IN 4 5 2 0.5 3 -1
4 LN -1 -1 -1 -1 4 0
5 LN -1 -1 -1 -1 4 0
6 IN 7 8 2 0.5 3 -1
7 LN -1 -1 -1 -1 4 0
8 LN -1 -1 -1 -1 4 1
9 IN 10 13 9 0.5 2 -1
10 IN 11 12 16 0.5 3 -1
11 LN -1 -1 -1 -1 4 0
12 LN -1 -1 -1 -1 4 0
13 IN 14 15 1 0.5 3 -1
14 LN -1 -1 -1 -1 4 0
15 LN -1 -1 -1 -1 4 1
16 IN 17 24 12 0.5 1 -1
17 IN 18 21 3 0.5 2 -1
18 IN 19 20 7 0.5 3 -1
19 LN -1 -1 -1 -1 4 0
20 LN -1 -1 -1 -1 4 1
21 IN 22 23 4 0.5 3 -1
22 LN -1 -1 -1 -1 4 1
23 LN -1 -1 -1 -1 4 1
24 IN 25 28 14 0.5 2 -1
25 IN 26 27 3 0.5 3 -1
26 LN -1 -1 -1 -1 4 1
27 LN -1 -1 -1 -1 4 0
28 IN 29 30 3 0.5 3 -1
29 LN -1 -1 -1 -1 4 1
30 LN -1 -1 -1 -1 4 1

[TREE 1]
NB_NODES: 31
0 IN 1 16 8 0.5 0 -1
1 IN 2 9 1 0.5 1 -1
2 IN 3 6 9 0.5 2 -1
3 IN 4 5 2 0.5 3 -1
4 LN -1 -1 -1 -1 4 0
5 LN -1 -1 -1 -1 4 0
6 IN 7 8 14 0.5 3 -1
7 LN -1 -1 -1 -1 4 0
8 LN -1 -1 -1 -1 4 0
9 IN 10 13 12 0.5 2 -1
10 IN 11 12 0 0.5 3 -1
11 LN -1 -1 -1 -1 4 0
12 LN -1 -1 -1 -1 4 1
13 IN 14 15 9 0.5 3 -1
14 LN -1 -1 -1 -1 4 1
15 LN -1 -1 -1 -1 4 1
16 IN 17 24 1 0.5 1 -1
17 IN 18 21 12 0.5 2 -1
18 IN 19 20 14 0.5 3 -1
19 LN -1 -1 -1 -1 4 0
20 LN -1 -1 -1 -1 4 0
21 IN 22 23 7 0.5 3 -1
22 LN -1 -1 -1 -1 4 0
23 LN -1 -1 -1 -1 4 0
24 IN 25 28 14 0.5 2 -1
25 IN 26 27 12 0.5 3 -1
26 LN -1 -1 -1 -1 4 0
27 LN -1 -1 -1 -1 4 1
28 IN 29 30 12 0.5 3 -1
29 LN -1 -1 -1 -1 4 1
30 LN -1 -1 -1 -1 4 1

[TREE 2]
NB_NODES: 31
0 IN 1 16 1 0.5 0 -1
1 IN 2 9 2 0.5 1 -1
2 IN 3 6 10 0.5 2 -1
3 IN 4 5 12 0.5 3 -1
4 LN -1 -1 -1 -1 4 0
5 LN -1 -1 -1 -1 4 0
6 IN 7 8 12 0.5 3 -1
7 LN -1 -1 -1 -1 4 0
8 LN -1 -1 -1 -1 4 0
9 IN 10 13 14 0.5 2 -1
10 IN 11 12 6 0.5 3 -1
11 LN -1 -1 -1 -1 4 0
12 LN -1 -1 -1 -1 4 0
13 IN 14 15 7 0.5 3 -1
14 LN -1 -1 -1 -1 4 0
15 LN -1 -1 -1 -1 4 0
16 IN 17 24 0 0.5 1 -1
17 IN 18 21 3 0.5 2 -1
18 IN 19 20 4 0.5 3 -1
19 LN -1 -1 -1 -1 4 0
20 LN -1 -1 -1 -1 4 1
21 IN 22 23 12 0.5 3 -1
22 LN -1 -1 -1 -1 4 1
23 LN -1 -1 -1 -1 4 1
24 IN 25 28 12 0.5 2 -1
25 IN 26 27 5 0.5 3 -1
26 LN -1 -1 -1 -1 4 0
27 LN -1 -1 -1 -1 4 1
28 IN 29 30 5 0.5 3 -1
29 LN -1 -1 -1 -1 4 1
30 LN -1 -1 -1 -1 4 1

[TREE 3]
NB_NODES: 31
0 IN 1 16 14 0.5 0 -1
1 IN 2 9 12 0.5 1 -1
2 IN 3 6 8 0.5 2 -1
3 IN 4 5 1 0.5 3 -1
4 LN -1 -1 -1 -1 4 0
5 LN -1 -1 -1 -1 4 0
6 IN 7 8 2 0.5 3 -1
7 LN -1 -1 -1 -1 4 0
8 LN -1 -1 -1 -1 4 0
9 IN 10 13 1 0.5 2 -1
10 IN 11 12 3 0.5 3 -1
11 LN -1 -1 -1 -1 4 0
12 LN -1 -1 -1 -1 4 0
13 IN 14 15 4 0.5 3 -1
14 LN -1 -1 -1 -1 4 1
15 LN -1 -1 -1 -1 4 1
16 IN 17 24 1 0.5 1 -1
17 IN 18 21 9 0.5 2 -1
18 IN 19 20 2 0.5 3 -1
19 LN -1 -1 -1 -1 4 0
20 LN -1 -1 -1 -1 4 0
21 IN 22 23 2 0.5 3 -1
22 LN -1 -1 -1 -1 4 0
23 LN -1 -1 -1 -1 4 0
24 IN 25 28 8 0.5 2 -1
25 IN 26 27 12 0.5 3 -1
26 LN -1 -1 -1 -1 4 1
27 LN -1 -1 -1 -1 4 1
28 IN 29 30 4 0.5 3 -1
29 LN -1 -1 -1 -1 4 1
30 LN -1 -1 -1 -1 4 1

[TREE 4]
NB_NODES: 31
0 IN 1 16 0 0.5 0 -1
1 IN 2 9 2 0.5 1 -1
2 IN 3 6 16 0.5 2 -1
3 IN 4 5 10 0.5 3 -1
4 LN -1 -1 -1 -1 4 0
5 LN -1 -1 -1 -1 4 0
6 IN 7 8 9 0.5 3 -1
7 LN -1 -1 -1 -1 4 0
8 LN -1 -1 -1 -1 4 1
9 IN 10 13 5 0.5 2 -1
10 IN 11 12 14 0.5 3 -1
11 LN -1 -1 -1 -1 4 0
12 LN -1 -1 -1 -1 4 0
13 IN 14 15 3 0.5 3 -1
14 LN -1 -1 -1 -1 4 0
15 LN -1 -1 -1 -1 4 1
16 IN 17 24 12 0.5 1 -1
17 IN 18 21 13 0.5 2 -1
18 IN 19 20 11 0.5 3 -1
19 LN -1 -1 -1 -1 4 0
20 LN -1 -1 -1 -1 4 1
21 IN 22 23 5 0.5 3 -1
22 LN -1 -1 -1 -1 4 0
23 LN -1 -1 -1 -1 4 1
24 IN 25 28 15 0.5 2 -1
25 IN 26 27 6 0.5 3 -1
26 LN -1 -1 -1 -1 4 1
27 LN -1 -1 -1 -1 4 0
28 IN 29 30 14 0.5 3 -1
29 LN -1 -1 -1 -1 4 1
30 LN -1 -1 -1 -1 4 1

[TREE 5]
NB_NODES: 31
0 IN 1 16 1 0.5 0 -1
1 IN 2 9 2 0.5 1 -1
2 IN 3 6 16 0.5 2 -1
3 IN 4 5 12 0.5 3 -1
4 LN -1 -1 -1 -1 4 0
5 LN -1 -1 -1 -1 4 0
6 IN 7 8 9 0.5 3 -1
7 LN -1 -1 -1 -1 4 0
8 LN -1 -1 -1 -1 4 1
9 IN 10 13 12 0.5 2 -1
10 IN 11 12 14 0.5 3 -1
11 LN -1 -1 -1 -1 4 0
12 LN -1 -1 -1 -1 4 0
13 IN 14 15 16 0.5 3 -1
14 LN -1 -1 -1 -1 4 0
15 LN -1 -1 -1 -1 4 1
16 IN 17 24 12 0.5 1 -1
17 IN 18 21 4 0.5 2 -1
18 IN 19 20 13 0.5 3 -1
19 LN -1 -1 -1 -1 4 0
20 LN -1 -1 -1 -1 4 1
21 IN 22 23 0 0.5 3 -1
22 LN -1 -1 -1 -1 4 0
23 LN -1 -1 -1 -1 4 1
24 IN 25 28 4 0.5 2 -1
25 IN 26 27 3 0.5 3 -1
26 LN -1 -1 -1 -1 4 1
27 LN -1 -1 -1 -1 4 1
28 IN 29 30 0 0.5 3 -1
29 LN -1 -1 -1 -1 4 1
30 LN -1 -1 -1 -1 4 1

[TREE 6]
NB_NODES: 31
0 IN 1 16 2 0.5 0 -1
1 IN 2 9 12 0.5 1 -1
2 IN 3 6 4 0.5 2 -1
3 IN 4 5 10 0.5 3 -1
4 LN -1 -1 -1 -1 4 0
5 LN -1 -1 -1 -1 4 0
6 IN 7 8 3 0.5 3 -1
7 LN -1 -1 -1 -1 4 0
8 LN -1 -1 -1 -1 4 0
9 IN 10 13 7 0.5 2 -1
10 IN 11 12 16 0.5 3 -1
11 LN -1 -1 -1 -1 4 0
12 LN -1 -1 -1 -1 4 0
13 IN 14 15 8 0.5 3 -1
14 LN -1 -1 -1 -1 4 0
15 LN -1 -1 -1 -1 4 0
16 IN 17 24 1 0.5 1 -1
17 IN 18 21 15 0.5 2 -1
18 IN 19 20 8 0.5 3 -1
19 LN -1 -1 -1 -1 4 0
20 LN -1 -1 -1 -1 4 0
21 IN 22 23 14 0.5 3 -1
22 LN -1 -1 -1 -1 4 0
23 LN -1 -1 -1 -1 4 0
24 IN 25 28 12 0.5 2 -1
25 IN 26 27 14 0.5 3 -1
26 LN -1 -1 -1 -1 4 0
27 LN -1 -1 -1 -1 4 1
28 IN 29 30 0 0.5 3 -1
29 LN -1 -1 -1 -1 4 1
30 LN -1 -1 -1 -1 4 1

[TREE 7]
NB_NODES: 31
0 IN 1 16 0 0.5 0 -1
1 IN 2 9 4 0.5 1 -1
2 IN 3 6 14 0.5 2 -1
3 IN 4 5 12 0.5 3 -1
4 LN -1 -1 -1 -1 4 0
5 LN -1 -1 -1 -1 4 0
6 IN 7 8 1 0.5 3 -1
7 LN -1 -1 -1 -1 4 0
8 LN -1 -1 -1 -1 4 0
9 IN 10 13 9 0.5 2 -1
10 IN 11 12 12 0.5 3 -1
11 LN -1 -1 -1 -1 4 0
12 LN -1 -1 -1 -1 4 0
13 IN 14 15 12 0.5 3 -1
14 LN -1 -1 -1 -1 4 0
15 LN -1 -1 -1 -1 4 1
16 IN 17 24 7 0.5 1 -1
17 IN 18 21 12 0.5 2 -1
18 IN 19 20 15 0.5 3 -1
19 LN -1 -1 -1 -1 4 0
20 LN -1 -1 -1 -1 4 1
21 IN 22 23 3 0.5 3 -1
22 LN -1 -1 -1 -1 4 1
23 LN -1 -1 -1 -1 4 1
24 IN 25 28 12 0.5 2 -1
25 IN 26 27 8 0.5 3 -1
26 LN -1 -1 -1 -1 4 1
27 LN -1 -1 -1 -1 4 1
28 IN 29 30 13 0.5 3 -1
29 LN -1 -1 -1 -1 4 1
30 LN -1 -1 -1 -1 4 1

[TREE 8]
NB_NODES: 31
0 IN 1 16 2 0.5 0 -1
1 IN 2 9 16 0.5 1 -1
2 IN 3 6 3 0.5 2 -1
3 IN 4 5 10 0.5 3 -1
4 LN -1 -1 -1 -1 4 0
5 LN -1 -1 -1 -1 4 0
6 IN 7 8 10 0.5 3 -1
7 LN -1 -1 -1 -1 4 0
8 LN -1 -1 -1 -1 4 0
9 IN 10 13 10 0.5 2 -1
10 IN 11 12 4 0.5 3 -1
11 LN -1 -1 -1 -1 4 1
12 LN -1 -1 -1 -1 4 1
13 IN 14 15 4 0.5 3 -1
14 LN -1 -1 -1 -1 4 0
15 LN -1 -1 -1 -1 4 0
16 IN 17 24 1 0.5 1 -1
17 IN 18 21 12 0.5 2 -1
18 IN 19 20 10 0.5 3 -1
19 LN -1 -1 -1 -1 4 0
20 LN -1 -1 -1 -1 4 0
21 IN 22 23 16 0.5 3 -1
22 LN -1 -1 -1 -1 4 0
23 LN -1 -1 -1 -1 4 1
24 IN 25 28 14 0.5 2 -1
25 IN 26 27 3 0.5 3 -1
26 LN -1 -1 -1 -1 4 0
27 LN -1 -1 -1 -1 4 1
28 IN 29 30 0 0.5 3 -1
29 LN -1 -1 -1 -1 4 1
30 LN -1 -1 -1 -1 4 1

[TREE 9]
NB_NODES: 31
0 IN 1 16 1 0.5 0 -1
1 IN 2 9 4 0.5 1 -1
2 IN 3 6 2 0.5 2 -1
3 IN 4 5 10 0.5 3 -1
4 LN -1 -1 -1 -1 4 0
5 LN -1 -1 -1 -1 4 0
6 IN 7 8 12 0.5 3 -1
7 LN -1 -1 -1 -1 4 0
8 LN -1 -1 -1 -1 4 0
9 IN 10 13 9 0.5 2 -1
10 IN 11 12 12 0.5 3 -1
11 LN -1 -1 -1 -1 4 0
12 LN -1 -1 -1 -1 4 0
13 IN 14 15 15 0.5 3 -1
14 LN -1 -1 -1 -1 4 0
15 LN -1 -1 -1 -1 4 1
16 IN 17 24 12 0.5 1 -1
17 IN 18 21 0 0.5 2 -1
18 IN 19 20 6 0.5 3 -1
19 LN -1 -1 -1 -1 4 0
20 LN -1 -1 -1 -1 4 1
21 IN 22 23 5 0.5 3 -1
22 LN -1 -1 -1 -1 4 0
23 LN -1 -1 -1 -1 4 1
24 IN 25 28 0 0.5 2 -1
25 IN 26 27 4 0.5 3 -1
26 LN -1 -1 -1 -1 4 1
27 LN -1 -1 -1 -1 4 1
28 IN 29 30 6 0.5 3 -1
29 LN -1 -1 -1 -1 4 1
30 LN -1 -1 -1 -1 4 1

[TREE 10]
NB_NODES: 31
0 IN 1 16 0 0.5 0 -1
1 IN 2 9 14 0.5 1 -1
2 IN 3 6 12 0.5 2 -1
3 IN 4 5 1 0.5 3 -1
4 LN -1 -1 -1 -1 4 0
5 LN -1 -1 -1 -1 4 0
6 IN 7 8 2 0.5 3 -1
7 LN -1 -1 -1 -1 4 0
8 LN -1 -1 -1 -1 4 1
9 IN 10 13 2 0.5 2 -1
10 IN 11 12 3 0.5 3 -1
11 LN -1 -1 -1 -1 4 0
12 LN -1 -1 -1 -1 4 0
13 IN 14 15 1 0.5 3 -1
14 LN -1 -1 -1 -1 4 0
15 LN -1 -1 -1 -1 4 1
16 IN 17 24 12 0.5 1 -1
17 IN 18 21 7 0.5 2 -1
18 IN 19 20 14 0.5 3 -1
19 LN -1 -1 -1 -1 4 0
20 LN -1 -1 -1 -1 4 1
21 IN 22 23 9 0.5 3 -1
22 LN -1 -1 -1 -1 4 0
23 LN -1 -1 -1 -1 4 1
24 IN 25 28 14 0.5 2 -1
25 IN 26 27 15 0.5 3 -1
26 LN -1 -1 -1 -1 4 0
27 LN -1 -1 -1 -1 4 1
28 IN 29 30 3 0.5 3 -1
29 LN -1 -1 -1 -1 4 1
30 LN -1 -1 -1 -1 4 1

[TREE 11]
NB_NODES: 31
0 IN 1 16 1 0.5 0 -1
1 IN 2 9 5 0.5 1 -1
2 IN 3 6 16 0.5 2 -1
3 IN 4 5 8 0.5 3 -1
4 LN -1 -1 -1 -1 4 0
5 LN -1 -1 -1 -1 4 0
6 IN 7 8 9 0.5 3 -1
7 LN -1 -1 -1 -1 4 0
8 LN -1 -1 -1 -1 4 1
9 IN 10 13 2 0.5 2 -1
10 IN 11 12 12 0.5 3 -1
11 LN -1 -1 -1 -1 4 0
12 LN -1 -1 -1 -1 4 0
13 IN 14 15 12 0.5 3 -1
14 LN -1 -1 -1 -1 4 0
15 LN -1 -1 -1 -1 4 0
16 IN 17 24 0 0.5 1 -1
17 IN 18 21 12 0.5 2 -1
18 IN 19 20 10 0.5 3 -1
19 LN -1 -1 -1 -1 4 0
20 LN -1 -1 -1 -1 4 0
21 IN 22 23 5 0.5 3 -1
22 LN -1 -1 -1 -1 4 0
23 LN -1 -1 -1 -1 4 1
24 IN 25 28 12 0.5 2 -1
25 IN 26 27 7 0.5 3 -1
26 LN -1 -1 -1 -1 4 0
27 LN -1 -1 -1 -1 4 1
28 IN 29 30 3 0.5 3 -1
29 LN -1 -1 -1 -1 4 1
30 LN -1 -1 -1 -1 4 1

[TREE 12]
NB_NODES: 31
0 IN 1 16 14 0.5 0 -1
1 IN 2 9 1 0.5 1 -1
2 IN 3 6 5 0.5 2 -1
3 IN 4 5 15 0.5 3 -1
4 LN -1 -1 -1 -1 4 0
5 LN -1 -1 -1 -1 4 0
6 IN 7 8 3 0.5 3 -1
7 LN -1 -1 -1 -1 4 0
8 LN -1 -1 -1 -1 4 0
9 IN 10 13 12 0.5 2 -1
10 IN 11 12 0 0.5 3 -1
11 LN -1 -1 -1 -1 4 0
12 LN -1 -1 -1 -1 4 0
13 IN 14 15 9 0.5 3 -1
14 LN -1 -1 -1 -1 4 0
15 LN -1 -1 -1 -1 4 1
16 IN 17 24 0 0.5 1 -1
17 IN 18 21 9 0.5 2 -1
18 IN 19 20 5 0.5 3 -1
19 LN -1 -1 -1 -1 4 0
20 LN -1 -1 -1 -1 4 0
21 IN 22 23 10 0.5 3 -1
22 LN -1 -1 -1 -1 4 0
23 LN -1 -1 -1 -1 4 1
24 IN 25 28 5 0.5 2 -1
25 IN 26 27 10 0.5 3 -1
26 LN -1 -1 -1 -1 4 0
27 LN -1 -1 -1 -1 4 0
28 IN 29 30 13 0.5 3 -1
29 LN -1 -1 -1 -1 4 1
30 LN -1 -1 -1 -1 4 1

[TREE 13]
NB_NODES: 31
0 IN 1 16 0 0.5 0 -1
1 IN 2 9 2 0.5 1 -1
2 IN 3 6 10 0.5 2 -1
3 IN 4 5 3 0.5 3 -1
4 LN -1 -1 -1 -1 4 0
5 LN -1 -1 -1 -1 4 0
6 IN 7 8 16 0.5 3 -1
7 LN -1 -1 -1 -1 4 0
8 LN -1 -1 -1 -1 4 0
9 IN 10 13 1 0.5 2 -1
10 IN 11 12 12 0.5 3 -1
11 LN -1 -1 -1 -1 4 0
12 LN -1 -1 -1 -1 4 0
13 IN 14 15 12 0.5 3 -1
14 LN -1 -1 -1 -1 4 0
15 LN -1 -1 -1 -1 4 1
16 IN 17 24 12 0.5 1 -1
17 IN 18 21 5 0.5 2 -1
18 IN 19 20 16 0.5 3 -1
19 LN -1 -1 -1 -1 4 0
20 LN -1 -1 -1 -1 4 1
21 IN 22 23 8 0.5 3 -1
22 LN -1 -1 -1 -1 4 1
23 LN -1 -1 -1 -1 4 1
24 IN 25 28 15 0.5 2 -1
25 IN 26 27 6 0.5 3 -1
26 LN -1 -1 -1 -1 4 1
27 LN -1 -1 -1 -1 4 0
28 IN 29 30 8 0.5 3 -1
29 LN -1 -1 -1 -1 4 1
30 LN -1 -1 -1 -1 4 1

[TREE 14]
NB_NODES: 31
0 IN 1 16 1 0.5 0 -1
1 IN 2 9 2 0.5 1 -1
2 IN 3 6 4 0.5 2 -1
3 IN 4 5 10 0.5 3 -1
4 LN -1 -1 -1 -1 4 0
5 LN -1 -1 -1 -1 4 0
6 IN 7 8 9 0.5 3 -1
7 LN -1 -1 -1 -1 4 0
8 LN -1 -1 -1 -1 4 0
9 IN 10 13 12 0.5 2 -1
10 IN 11 12 4 0.5 3 -1
11 LN -1 -1 -1 -1 4 0
12 LN -1 -1 -1 -1 4 0
13 IN 14 15 3 0.5 3 -1
14 LN -1 -1 -1 -1 4 0
15 LN -1 -1 -1 -1 4 1
16 IN 17 24 5 0.5 1 -1
17 IN 18 21 15 0.5 2 -1
18 IN 19 20 0 0.5 3 -1
19 LN -1 -1 -1 -1 4 0
20 LN -1 -1 -1 -1 4 0
21 IN 22 23 12 0.5 3 -1
22 LN -1 -1 -1 -1 4 0
23 LN -1 -1 -1 -1 4 1
24 IN 25 28 14 0.5 2 -1
25 IN 26 27 3 0.5 3 -1
26 LN -1 -1 -1 -1 4 0
27 LN -1 -1 -1 -1 4 1
28 IN 29 30 0 0.5 3 -1
29 LN -1 -1 -1 -1 4 1
30 LN -1 -1 -1 -1 4 1

[TREE 15]
NB_NODES: 29
0 IN 1 16 0 0.5 0 -1
1 IN 2 9 12 0.5 1 -1
2 IN 3 6 2 0.5 2 -1
3 IN 4 5 5 0.5 3 -1
4 LN -1 -1 -1 -1 4 0
5 LN -1 -1 -1 -1 4 0
6 IN 7 8 3 0.5 3 -1
7 LN -1 -1 -1 -1 4 0
8 LN -1 -1 -1 -1 4 0
9 IN 10 13 16 0.5 2 -1
10 IN 11 12 1 0.5 3 -1
11 LN -1 -1 -1 -1 4 0
12 LN -1 -1 -1 -1 4 1
13 IN 14 15 8 0.5 3 -1
14 LN -1 -1 -1 -1 4 1
15 LN -1 -1 -1 -1 4 1
16 IN 17 22 14 0.5 1 -1
17 IN 18 19 5 0.5 2 -1
18 LN -1 -1 -1 -1 3 0
19 IN 20 21 4 0.5 3 -1
20 LN -1 -1 -1 -1 4 1
21 LN -1 -1 -1 -1 4 1
22 IN 23 26 12 0.5 2 -1
23 IN 24 25 7 0.5 3 -1
24 LN -1 -1 -1 -1 4 1
25 LN -1 -1 -1 -1 4 1
26 IN 27 28 3 0.5 3 -1
27 LN -1 -1 -1 -1 4 1
28 LN -1 -1 -1 -1 4 1

[TREE 16]
NB_NODES: 31
0 IN 1 16 0 0.5 0 -1
1 IN 2 9 12 0.5 1 -1
2 IN 3 6 2 0.5 2 -1
3 IN 4 5 14 0.5 3 -1
4 LN -1 -1 -1 -1 4 0
5 LN -1 -1 -1 -1 4 0
6 IN 7 8 3 0.5 3 -1
7 LN -1 -1 -1 -1 4 0
8 LN -1 -1 -1 -1 4 0
9 IN 10 13 1 0.5 2 -1
10 IN 11 12 2 0.5 3 -1
11 LN -1 -1 -1 -1 4 0
12 LN -1 -1 -1 -1 4 0
13 IN 14 15 3 0.5 3 -1
14 LN -1 -1 -1 -1 4 1
15 LN -1 -1 -1 -1 4 1
16 IN 17 24 14 0.5 1 -1
17 IN 18 21 11 0.5 2 -1
18 IN 19 20 7 0.5 3 -1
19 LN -1 -1 -1 -1 4 0
20 LN -1 -1 -1 -1 4 0
21 IN 22 23 5 0.5 3 -1
22 LN -1 -1 -1 -1 4 0
23 LN -1 -1 -1 -1 4 1
24 IN 25 28 8 0.5 2 -1
25 IN 26 27 12 0.5 3 -1
26 LN -1 -1 -1 -1 4 1
27 LN -1 -1 -1 -1 4 1
28 IN 29 30 4 0.5 3 -1
29 LN -1 -1 -1 -1 4 1
30 LN -1 -1 -1 -1 4 1

[TREE 17]
NB_NODES: 31
0 IN 1 16 0 0.5 0 -1
1 IN 2 9 12 0.5 1 -1
2 IN 3 6 2 0.5 2 -1
3 IN 4 5 10 0.5 3 -1
4 LN -1 -1 -1 -1 4 0
5 LN -1 -1 -1 -1 4 0
6 IN 7 8 1 0.5 3 -1
7 LN -1 -1 -1 -1 4 0
8 LN -1 -1 -1 -1 4 0
9 IN 10 13 1 0.5 2 -1
10 IN 11 12 7 0.5 3 -1
11 LN -1 -1 -1 -1 4 0
12 LN -1 -1 -1 -1 4 0
13 IN 14 15 9 0.5 3 -1
14 LN -1 -1 -1 -1 4 0
15 LN -1 -1 -1 -1 4 1
16 IN 17 24 12 0.5 1 -1
17 IN 18 21 4 0.5 2 -1
18 IN 19 20 10 0.5 3 -1
19 LN -1 -1 -1 -1 4 1
20 LN -1 -1 -1 -1 4 1
21 IN 22 23 3 0.5 3 -1
22 LN -1 -1 -1 -1 4 1
23 LN -1 -1 -1 -1 4 1
24 IN 25 28 6 0.5 2 -1
25 IN 26 27 4 0.5 3 -1
26 LN -1 -1 -1 -1 4 1
27 LN -1 -1 -1 -1 4 1
28 IN 29 30 8 0.5 3 -1
29 LN -1 -1 -1 -1 4 1
30 LN -1 -1 -1 -1 4 1

[TREE 18]
NB_NODES: 31
0 IN 1 16 1 0.5 0 -1
1 IN 2 9 4 0.5 1 -1
2 IN 3 6 12 0.5 2 -1
3 IN 4 5 14 0.5 3 -1
4 LN -1 -1 -1 -1 4 0
5 LN -1 -1 -1 -1 4 0
6 IN 7 8 2 0.5 3 -1
7 LN -1 -1 -1 -1 4 0
8 LN -1 -1 -1 -1 4 0
9 IN 10 13 2 0.5 2 -1
10 IN 11 12 7 0.5 3 -1
11 LN -1 -1 -1 -1 4 0
12 LN -1 -1 -1 -1 4 0
13 IN 14 15 16 0.5 3 -1
14 LN -1 -1 -1 -1 4 0
15 LN -1 -1 -1 -1 4 1
16 IN 17 24 12 0.5 1 -1
17 IN 18 21 14 0.5 2 -1
18 IN 19 20 7 0.5 3 -1
19 LN -1 -1 -1 -1 4 0
20 LN -1 -1 -1 -1 4 0
21 IN 22 23 8 0.5 3 -1
22 LN -1 -1 -1 -1 4 0
23 LN -1 -1 -1 -1 4 1
24 IN 25 28 0 0.5 2 -1
25 IN 26 27 6 0.5 3 -1
26 LN -1 -1 -1 -1 4 1
27 LN -1 -1 -1 -1 4 1
28 IN 29 30 15 0.5 3 -1
29 LN -1 -1 -1 -1 4 1
30 LN -1 -1 -1 -1 4 1

[TREE 19]
NB_NODES: 31
0 IN 1 16 1 0.5 0 -1
1 IN 2 9 4 0.5 1 -1
2 IN 3 6 3 0.5 2 -1
3 IN 4 5 10 0.5 3 -1
4 LN -1 -1 -1 -1 4 0
5 LN -1 -1 -1 -1 4 0
6 IN 7 8 12 0.5 3 -1
7 LN -1 -1 -1 -1 4 0
8 LN -1 -1 -1 -1 4 0
9 IN 10 13 14 0.5 2 -1
10 IN 11 12 8 0.5 3 -1
11 LN -1 -1 -1 -1 4 0
12 LN -1 -1 -1 -1 4 0
13 IN 14 15 3 0.5 3 -1
14 LN -1 -1 -1 -1 4 0
15 LN -1 -1 -1 -1 4 1
16 IN 17 24 0 0.5 1 -1
17 IN 18 21 3 0.5 2 -1
18 IN 19 20 12 0.5 3 -1
19 LN -1 -1 -1 -1 4 0
20 LN -1 -1 -1 -1 4 1
21 IN 22 23 12 0.5 3 -1
22 LN -1 -1 -1 -1 4 1
23 LN -1 -1 -1 -1 4 1
24 IN 25 28 5 0.5 2 -1
25 IN 26 27 15 0.5 3 -1
26 LN -1 -1 -1 -1 4 0
27 LN -1 -1 -1 -1 4 0
28 IN 29 30 13 0.5 3 -1
29 LN -1 -1 -1 -1 4 1
30 LN -1 -1 -1 -1 4 1

[TREE 20]
NB_NODES: 31
0 IN 1 16 1 0.5 0 -1
1 IN 2 9 12 0.5 1 -1
2 IN 3 6 5 0.5 2 -1
3 IN 4 5 16 0.5 3 -1
4 LN -1 -1 -1 -1 4 0
5 LN -1 -1 -1 -1 4 0
6 IN 7 8 2 0.5 3 -1
7 LN -1 -1 -1 -1 4 0
8 LN -1 -1 -1 -1 4 0
9 IN 10 13 14 0.5 2 -1
10 IN 11 12 7 0.5 3 -1
11 LN -1 -1 -1 -1 4 0
12 LN -1 -1 -1 -1 4 0
13 IN 14 15 16 0.5 3 -1
14 LN -1 -1 -1 -1 4 0
15 LN -1 -1 -1 -1 4 1
16 IN 17 24 13 0.5 1 -1
17 IN 18 21 0 0.5 2 -1
18 IN 19 20 3 0.5 3 -1
19 LN -1 -1 -1 -1 4 0
20 LN -1 -1 -1 -1 4 1
21 IN 22 23 7 0.5 3 -1
22 LN -1 -1 -1 -1 4 1
23 LN -1 -1 -1 -1 4 1
24 IN 25 28 5 0.5 2 -1
25 IN 26 27 0 0.5 3 -1
26 LN -1 -1 -1 -1 4 0
27 LN -1 -1 -1 -1 4 0
28 IN 29 30 0 0.5 3 -1
29 LN -1 -1 -1 -1 4 1
30 LN -1 -1 -1 -1 4 1

[TREE 21]
NB_NODES: 31
0 IN 1 16 0 0.5 0 -1
1 IN 2 9 12 0.5 1 -1
2 IN 3 6 2 0.5 2 -1
3 IN 4 5 10 0.5 3 -1
4 LN -1 -1 -1 -1 4 0
5 LN -1 -1 -1 -1 4 0
6 IN 7 8 4 0.5 3 -1
7 LN -1 -1 -1 -1 4 0
8 LN -1 -1 -1 -1 4 0
9 IN 10 13 9 0.5 2 -1
10 IN 11 12 3 0.5 3 -1
11 LN -1 -1 -1 -1 4 0
12 LN -1 -1 -1 -1 4 0
13 IN 14 15 2 0.5 3 -1
14 LN -1 -1 -1 -1 4 0
15 LN -1 -1 -1 -1 4 1
16 IN 17 24 12 0.5 1 -1
17 IN 18 21 14 0.5 2 -1
18 IN 19 20 5 0.5 3 -1
19 LN -1 -1 -1 -1 4 0
20 LN -1 -1 -1 -1 4 0
21 IN 22 23 7 0.5 3 -1
22 LN -1 -1 -1 -1 4 1
23 LN -1 -1 -1 -1 4 1
24 IN 25 28 14 0.5 2 -1
25 IN 26 27 7 0.5 3 -1
26 LN -1 -1 -1 -1 4 0
27 LN -1 -1 -1 -1 4 1
28 IN 29 30 13 0.5 3 -1
29 LN -1 -1 -1 -1 4 1
30 LN -1 -1 -1 -1 4 1

[TREE 22]
NB_NODES: 31
0 IN 1 16 14 0.5 0 -1
1 IN 2 9 1 0.5 1 -1
2 IN 3 6 12 0.5 2 -1
3 IN 4 5 5 0.5 3 -1
4 LN -1 -1 -1 -1 4 0
5 LN -1 -1 -1 -1 4 0
6 IN 7 8 7 0.5 3 -1
7 LN -1 -1 -1 -1 4 0
8 LN -1 -1 -1 -1 4 0
9 IN 10 13 7 0.5 2 -1
10 IN 11 12 12 0.5 3 -1
11 LN -1 -1 -1 -1 4 0
12 LN -1 -1 -1 -1 4 1
13 IN 14 15 16 0.5 3 -1
14 LN -1 -1 -1 -1 4 0
15 LN -1 -1 -1 -1 4 1
16 IN 17 24 0 0.5 1 -1
17 IN 18 21 9 0.5 2 -1
18 IN 19 20 16 0.5 3 -1
19 LN -1 -1 -1 -1 4 0
20 LN -1 -1 -1 -1 4 0
21 IN 22 23 12 0.5 3 -1
22 LN -1 -1 -1 -1 4 0
23 LN -1 -1 -1 -1 4 1
24 IN 25 28 5 0.5 2 -1
25 IN 26 27 8 0.5 3 -1
26 LN -1 -1 -1 -1 4 1
27 LN -1 -1 -1 -1 4 0
28 IN 29 30 15 0.5 3 -1
29 LN -1 -1 -1 -1 4 1
30 LN -1 -1 -1 -1 4 1

[TREE 23]
NB_NODES: 31
0 IN 1 16 0 0.5 0 -1
1 IN 2 9 14 0.5 1 -1
2 IN 3 6 9 0.5 2 -1
3 IN 4 5 2 0.5 3 -1
4 LN -1 -1 -1 -1 4 0
5 LN -1 -1 -1 -1 4 0
6 IN 7 8 12 0.5 3 -1
7 LN -1 -1 -1 -1 4 0
8 LN -1 -1 -1 -1 4 0
9 IN 10 13 3 0.5 2 -1
10 IN 11 12 9 0.5 3 -1
11 LN -1 -1 -1 -1 4 0
12 LN -1 -1 -1 -1 4 0
13 IN 14 15 1 0.5 3 -1
14 LN -1 -1 -1 -1 4 0
15 LN -1 -1 -1 -1 4 1
16 IN 17 24 5 0.5 1 -1
17 IN 18 21 12 0.5 2 -1
18 IN 19 20 16 0.5 3 -1
19 LN -1 -1 -1 -1 4 0
20 LN -1 -1 -1 -1 4 1
21 IN 22 23 15 0.5 3 -1
22 LN -1 -1 -1 -1 4 0
23 LN -1 -1 -1 -1 4 1
24 IN 25 28 12 0.5 2 -1
25 IN 26 27 14 0.5 3 -1
26 LN -1 -1 -1 -1 4 1
27 LN -1 -1 -1 -1 4 1
28 IN 29 30 14 0.5 3 -1
29 LN -1 -1 -1 -1 4 1
30 LN -1 -1 -1 -1 4 1

[TREE 24]
NB_NODES: 31
0 IN 1 16 2 0.5 0 -1
1 IN 2 9 10 0.5 1 -1
2 IN 3 6 12 0.5 2 -1
3 IN 4 5 6 0.5 3 -1
4 LN -1 -1 -1 -1 4 0
5 LN -1 -1 -1 -1 4 0
6 IN 7 8 16 0.5 3 -1
7 LN -1 -1 -1 -1 4 0
8 LN -1 -1 -1 -1 4 1
9 IN 10 13 5 0.5 2 -1
10 IN 11 12 9 0.5 3 -1
11 LN -1 -1 -1 -1 4 0
12 LN -1 -1 -1 -1 4 0
13 IN 14 15 12 0.5 3 -1
14 LN -1 -1 -1 -1 4 0
15 LN -1 -1 -1 -1 4 0
16 IN 17 24 14 0.5 1 -1
17 IN 18 21 1 0.5 2 -1
18 IN 19 20 12 0.5 3 -1
19 LN -1 -1 -1 -1 4 0
20 LN -1 -1 -1 -1 4 0
21 IN 22 23 12 0.5 3 -1
22 LN -1 -1 -1 -1 4 0
23 LN -1 -1 -1 -1 4 1
24 IN 25 28 1 0.5 2 -1
25 IN 26 27 12 0.5 3 -1
26 LN -1 -1 -1 -1 4 0
27 LN -1 -1 -1 -1 4 0
28 IN 29 30 0 0.5 3 -1
29 LN -1 -1 -1 -1 4 1
30 LN -1 -1 -1 -1 4 1

[TREE 25]
NB_NODES: 31
0 IN 1 16 0 0.5 0 -1
1 IN 2 9 12 0.5 1 -1
2 IN 3 6 2 0.5 2 -1
3 IN 4 5 13 0.5 3 -1
4 LN -1 -1 -1 -1 4 0
5 LN -1 -1 -1 -1 4 0
6 IN 7 8 1 0.5 3 -1
7 LN -1 -1 -1 -1 4 0
8 LN -1 -1 -1 -1 4 0
9 IN 10 13 2 0.5 2 -1
10 IN 11 12 7 0.5 3 -1
11 LN -1 -1 -1 -1 4 0
12 LN -1 -1 -1 -1 4 0
13 IN 14 15 9 0.5 3 -1
14 LN -1 -1 -1 -1 4 0
15 LN -1 -1 -1 -1 4 1
16 IN 17 24 14 0.5 1 -1
17 IN 18 21 12 0.5 2 -1
18 IN 19 20 11 0.5 3 -1
19 LN -1 -1 -1 -1 4 0
20 LN -1 -1 -1 -1 4 0
21 IN 22 23 9 0.5 3 -1
22 LN -1 -1 -1 -1 4 1
23 LN -1 -1 -1 -1 4 1
24 IN 25 28 12 0.5 2 -1
25 IN 26 27 5 0.5 3 -1
26 LN -1 -1 -1 -1 4 0
27 LN -1 -1 -1 -1 4 1
28 IN 29 30 3 0.5 3 -1
29 LN -1 -1 -1 -1 4 1
30 LN -1 -1 -1 -1 4 1

[TREE 26]
NB_NODES: 31
0 IN 1 16 0 0.5 0 -1
1 IN 2 9 12 0.5 1 -1
2 IN 3 6 1 0.5 2 -1
3 IN 4 5 2 0.5 3 -1
4 LN -1 -1 -1 -1 4 0
5 LN -1 -1 -1 -1 4 0
6 IN 7 8 5 0.5 3 -1
7 LN -1 -1 -1 -1 4 0
8 LN -1 -1 -1 -1 4 0
9 IN 10 13 2 0.5 2 -1
10 IN 11 12 7 0.5 3 -1
11 LN -1 -1 -1 -1 4 0
12 LN -1 -1 -1 -1 4 0
13 IN 14 15 3 0.5 3 -1
14 LN -1 -1 -1 -1 4 0
15 LN -1 -1 -1 -1 4 1
16 IN 17 24 7 0.5 1 -1
17 IN 18 21 12 0.5 2 -1
18 IN 19 20 5 0.5 3 -1
19 LN -1 -1 -1 -1 4 0
20 LN -1 -1 -1 -1 4 1
21 IN 22 23 14 0.5 3 -1
22 LN -1 -1 -1 -1 4 1
23 LN -1 -1 -1 -1 4 1
24 IN 25 28 14 0.5 2 -1
25 IN 26 27 4 0.5 3 -1
26 LN -1 -1 -1 -1 4 1
27 LN -1 -1 -1 -1 4 1
28 IN 29 30 4 0.5 3 -1
29 LN -1 -1 -1 -1 4 1
30 LN -1 -1 -1 -1 4 1

[TREE 27]
NB_NODES: 31
0 IN 1 16 0 0.5 0 -1
1 IN 2 9 2 0.5 1 -1
2 IN 3 6 5 0.5 2 -1
3 IN 4 5 8 0.5 3 -1
4 LN -1 -1 -1 -1 4 0
5 LN -1 -1 -1 -1 4 0
6 IN 7 8 12 0.5 3 -1
7 LN -1 -1 -1 -1 4 0
8 LN -1 -1 -1 -1 4 0
9 IN 10 13 12 0.5 2 -1
10 IN 11 12 14 0.5 3 -1
11 LN -1 -1 -1 -1 4 0
12 LN -1 -1 -1 -1 4 0
13 IN 14 15 3 0.5 3 -1
14 LN -1 -1 -1 -1 4 0
15 LN -1 -1 -1 -1 4 1
16 IN 17 24 4 0.5 1 -1
17 IN 18 21 5 0.5 2 -1
18 IN 19 20 12 0.5 3 -1
19 LN -1 -1 -1 -1 4 0
20 LN -1 -1 -1 -1 4 1
21 IN 22 23 3 0.5 3 -1
22 LN -1 -1 -1 -1 4 1
23 LN -1 -1 -1 -1 4 1
24 IN 25 28 9 0.5 2 -1
25 IN 26 27 12 0.5 3 -1
26 LN -1 -1 -1 -1 4 0
27 LN -1 -1 -1 -1 4 1
28 IN 29 30 12 0.5 3 -1
29 LN -1 -1 -1 -1 4 1
30 LN -1 -1 -1 -1 4 1

[TREE 28]
NB_NODES: 29
0 IN 1 16 0 0.5 0 -1
1 IN 2 9 12 0.5 1 -1
2 IN 3 6 1 0.5 2 -1
3 IN 4 5 14 0.5 3 -1
4 LN -1 -1 -1 -1 4 0
5 LN -1 -1 -1 -1 4 0
6 IN 7 8 13 0.5 3 -1
7 LN -1 -1 -1 -1 4 0
8 LN -1 -1 -1 -1 4 1
9 IN 10 13 1 0.5 2 -1
10 IN 11 12 2 0.5 3 -1
11 LN -1 -1 -1 -1 4 0
12 LN -1 -1 -1 -1 4 0
13 IN 14 15 9 0.5 3 -1
14 LN -1 -1 -1 -1 4 0
15 LN -1 -1 -1 -1 4 1
16 IN 17 22 14 0.5 1 -1
17 IN 18 19 5 0.5 2 -1
18 LN -1 -1 -1 -1 3 0
19 IN 20 21 12 0.5 3 -1
20 LN -1 -1 -1 -1 4 1
21 LN -1 -1 -1 -1 4 1
22 IN 23 26 8 0.5 2 -1
23 IN 24 25 12 0.5 3 -1
24 LN -1 -1 -1 -1 4 1
25 LN -1 -1 -1 -1 4 1
26 IN 27 28 12 0.5 3 -1
27 LN -1 -1 -1 -1 4 1
28 LN -1 -1 -1 -1 4 1

[TREE 29]
NB_NODES: 31
0 IN 1 16 0 0.5 0 -1
1 IN 2 9 14 0.5 1 -1
2 IN 3 6 2 0.5 2 -1
3 IN 4 5 12 0.5 3 -1
4 LN -1 -1 -1 -1 4 0
5 LN -1 -1 -1 -1 4 0
6 IN 7 8 12 0.5 3 -1
7 LN -1 -1 -1 -1 4 0
8 LN -1 -1 -1 -1 4 1
9 IN 10 13 12 0.5 2 -1
10 IN 11 12 1 0.5 3 -1
11 LN -1 -1 -1 -1 4 0
12 LN -1 -1 -1 -1 4 0
13 IN 14 15 10 0.5 3 -1
14 LN -1 -1 -1 -1 4 0
15 LN -1 -1 -1 -1 4 1
16 IN 17 24 12 0.5 1 -1
17 IN 18 21 13 0.5 2 -1
18 IN 19 20 5 0.5 3 -1
19 LN -1 -1 -1 -1 4 0
20 LN -1 -1 -1 -1 4 1
21 IN 22 23 8 0.5 3 -1
22 LN -1 -1 -1 -1 4 1
23 LN -1 -1 -1 -1 4 1
24 IN 25 28 15 0.5 2 -1
25 IN 26 27 6 0.5 3 -1
26 LN -1 -1 -1 -1 4 1
27 LN -1 -1 -1 -1 4 0
28 IN 29 30 13 0.5 3 -1
29 LN -1 -1 -1 -1 4 1
30 LN -1 -1 -1 -1 4 1

[TREE 30]
NB_NODES: 31
0 IN 1 16 1 0.5 0 -1
1 IN 2 9 14 0.5 1 -1
2 IN 3 6 4 0.5 2 -1
3 IN 4 5 12 0.5 3 -1
4 LN -1 -1 -1 -1 4 0
5 LN -1 -1 -1 -1 4 0
6 IN 7 8 9 0.5 3 -1
7 LN -1 -1 -1 -1 4 0
8 LN -1 -1 -1 -1 4 0
9 IN 10 13 4 0.5 2 -1
10 IN 11 12 9 0.5 3 -1
11 LN -1 -1 -1 -1 4 0
12 LN -1 -1 -1 -1 4 0
13 IN 14 15 9 0.5 3 -1
14 LN -1 -1 -1 -1 4 0
15 LN -1 -1 -1 -1 4 0
16 IN 17 24 0 0.5 1 -1
17 IN 18 21 5 0.5 2 -1
18 IN 19 20 14 0.5 3 -1
19 LN -1 -1 -1 -1 4 0
20 LN -1 -1 -1 -1 4 0
21 IN 22 23 6 0.5 3 -1
22 LN -1 -1 -1 -1 4 0
23 LN -1 -1 -1 -1 4 1
24 IN 25 28 14 0.5 2 -1
25 IN 26 27 7 0.5 3 -1
26 LN -1 -1 -1 -1 4 0
27 LN -1 -1 -1 -1 4 1
28 IN 29 30 12 0.5 3 -1
29 LN -1 -1 -1 -1 4 1
30 LN -1 -1 -1 -1 4 1

[TREE 31]
NB_NODES: 31
0 IN 1 16 0 0.5 0 -1
1 IN 2 9 2 0.5 1 -1
2 IN 3 6 4 0.5 2 -1
3 IN 4 5 3 0.5 3 -1
4 LN -1 -1 -1 -1 4 0
5 LN -1 -1 -1 -1 4 0
6 IN 7 8 7 0.5 3 -1
7 LN -1 -1 -1 -1 4 0
8 LN -1 -1 -1 -1 4 0
9 IN 10 13 4 0.5 2 -1
10 IN 11 12 14 0.5 3 -1
11 LN -1 -1 -1 -1 4 0
12 LN -1 -1 -1 -1 4 0
13 IN 14 15 10 0.5 3 -1
14 LN -1 -1 -1 -1 4 0
15 LN -1 -1 -1 -1 4 1
16 IN 17 24 12 0.5 1 -1
17 IN 18 21 5 0.5 2 -1
18 IN 19 20 13 0.5 3 -1
19 LN -1 -1 -1 -1 4 0
20 LN -1 -1 -1 -1 4 0
21 IN 22 23 8 0.5 3 -1
22 LN -1 -1 -1 -1 4 1
23 LN -1 -1 -1 -1 4 1
24 IN 25 28 15 0.5 2 -1
25 IN 26 27 4 0.5 3 -1
26 LN -1 -1 -1 -1 4 1
27 LN -1 -1 -1 -1 4 0
28 IN 29 30 7 0.5 3 -1
29 LN -1 -1 -1 -1 4 1
30 LN -1 -1 -1 -1 4 1

[TREE 32]
NB_NODES: 31
0 IN 1 16 2 0.5 0 -1
1 IN 2 9 12 0.5 1 -1
2 IN 3 6 5 0.5 2 -1
3 IN 4 5 14 0.5 3 -1
4 LN -1 -1 -1 -1 4 0
5 LN -1 -1 -1 -1 4 0
6 IN 7 8 16 0.5 3 -1
7 LN -1 -1 -1 -1 4 0
8 LN -1 -1 -1 -1 4 0
9 IN 10 13 3 0.5 2 -1
10 IN 11 12 9 0.5 3 -1
11 LN -1 -1 -1 -1 4 0
12 LN -1 -1 -1 -1 4 0
13 IN 14 15 9 0.5 3 -1
14 LN -1 -1 -1 -1 4 0
15 LN -1 -1 -1 -1 4 0
16 IN 17 24 1 0.5 1 -1
17 IN 18 21 14 0.5 2 -1
18 IN 19 20 12 0.5 3 -1
19 LN -1 -1 -1 -1 4 0
20 LN -1 -1 -1 -1 4 1
21 IN 22 23 12 0.5 3 -1
22 LN -1 -1 -1 -1 4 0
23 LN -1 -1 -1 -1 4 0
24 IN 25 28 13 0.5 2 -1
25 IN 26 27 12 0.5 3 -1
26 LN -1 -1 -1 -1 4 0
27 LN -1 -1 -1 -1 4 1
28 IN 29 30 12 0.5 3 -1
29 LN -1 -1 -1 -1 4 1
30 LN -1 -1 -1 -1 4 1

[TREE 33]
NB_NODES: 31
0 IN 1 16 0 0.5 0 -1
1 IN 2 9 12 0.5 1 -1
2 IN 3 6 10 0.5 2 -1
3 IN 4 5 2 0.5 3 -1
4 LN -1 -1 -1 -1 4 0
5 LN -1 -1 -1 -1 4 0
6 IN 7 8 1 0.5 3 -1
7 LN -1 -1 -1 -1 4 0
8 LN -1 -1 -1 -1 4 0
9 IN 10 13 2 0.5 2 -1
10 IN 11 12 4 0.5 3 -1
11 LN -1 -1 -1 -1 4 0
12 LN -1 -1 -1 -1 4 0
13 IN 14 15 3 0.5 3 -1
14 LN -1 -1 -1 -1 4 0
15 LN -1 -1 -1 -1 4 1
16 IN 17 24 12 0.5 1 -1
17 IN 18 21 13 0.5 2 -1
18 IN 19 20 5 0.5 3 -1
19 LN -1 -1 -1 -1 4 0
20 LN -1 -1 -1 -1 4 1
21 IN 22 23 15 0.5 3 -1
22 LN -1 -1 -1 -1 4 1
23 LN -1 -1 -1 -1 4 1
24 IN 25 28 13 0.5 2 -1
25 IN 26 27 3 0.5 3 -1
26 LN -1 -1 -1 -1 4 1
27 LN -1 -1 -1 -1 4 1
28 IN 29 30 3 0.5 3 -1
29 LN -1 -1 -1 -1 4 1
30 LN -1 -1 -1 -1 4 1

[TREE 34]
NB_NODES: 31
0 IN 1 16 1 0.5 0 -1
1 IN 2 9 2 0.5 1 -1
2 IN 3 6 5 0.5 2 -1
3 IN 4 5 3 0.5 3 -1
4 LN -1 -1 -1 -1 4 0
5 LN -1 -1 -1 -1 4 0
6 IN 7 8 12 0.5 3 -1
7 LN -1 -1 -1 -1 4 0
8 LN -1 -1 -1 -1 4 0
9 IN 10 13 14 0.5 2 -1
10 IN 11 12 5 0.5 3 -1
11 LN -1 -1 -1 -1 4 0
12 LN -1 -1 -1 -1 4 0
13 IN 14 15 9 0.5 3 -1
14 LN -1 -1 -1 -1 4 0
15 LN -1 -1 -1 -1 4 0
16 IN 17 24 0 0.5 1 -1
17 IN 18 21 12 0.5 2 -1
18 IN 19 20 6 0.5 3 -1
19 LN -1 -1 -1 -1 4 0
20 LN -1 -1 -1 -1 4 1
21 IN 22 23 5 0.5 3 -1
22 LN -1 -1 -1 -1 4 0
23 LN -1 -1 -1 -1 4 1
24 IN 25 28 14 0.5 2 -1
25 IN 26 27 5 0.5 3 -1
26 LN -1 -1 -1 -1 4 0
27 LN -1 -1 -1 -1 4 1
28 IN 29 30 7 0.5 3 -1
29 LN -1 -1 -1 -1 4 1
30 LN -1 -1 -1 -1 4 1

[TREE 35]
NB_NODES: 31
0 IN 1 16 13 0.5 0 -1
1 IN 2 9 1 0.5 1 -1
2 IN 3 6 12 0.5 2 -1
3 IN 4 5 2 0.5 3 -1
4 LN -1 -1 -1 -1 4 0
5 LN -1 -1 -1 -1 4 0
6 IN 7 8 7 0.5 3 -1
7 LN -1 -1 -1 -1 4 0
8 LN -1 -1 -1 -1 4 0
9 IN 10 13 0 0.5 2 -1
10 IN 11 12 3 0.5 3 -1
11 LN -1 -1 -1 -1 4 0
12 LN -1 -1 -1 -1 4 1
13 IN 14 15 12 0.5 3 -1
14 LN -1 -1 -1 -1 4 1
15 LN -1 -1 -1 -1 4 1
16 IN 17 24 8 0.5 1 -1
17 IN 18 21 2 0.5 2 -1
18 IN 19 20 9 0.5 3 -1
19 LN -1 -1 -1 -1 4 0
20 LN -1 -1 -1 -1 4 1
21 IN 22 23 0 0.5 3 -1
22 LN -1 -1 -1 -1 4 0
23 LN -1 -1 -1 -1 4 1
24 IN 25 28 5 0.5 2 -1
25 IN 26 27 12 0.5 3 -1
26 LN -1 -1 -1 -1 4 0
27 LN -1 -1 -1 -1 4 1
28 IN 29 30 7 0.5 3 -1
29 LN -1 -1 -1 -1 4 1
30 LN -1 -1 -1 -1 4 1

[TREE 36]
NB_NODES: 31
0 IN 1 16 1 0.5 0 -1
1 IN 2 9 12 0.5 1 -1
2 IN 3 6 14 0.5 2 -1
3 IN 4 5 4 0.5 3 -1
4 LN -1 -1 -1 -1 4 0
5 LN -1 -1 -1 -1 4 0
6 IN 7 8 9 0.5 3 -1
7 LN -1 -1 -1 -1 4 0
8 LN -1 -1 -1 -1 4 0
9 IN 10 13 9 0.5 2 -1
10 IN 11 12 7 0.5 3 -1
11 LN -1 -1 -1 -1 4 0
12 LN -1 -1 -1 -1 4 0
13 IN 14 15 14 0.5 3 -1
14 LN -1 -1 -1 -1 4 0
15 LN -1 -1 -1 -1 4 0
16 IN 17 24 14 0.5 1 -1
17 IN 18 21 12 0.5 2 -1
18 IN 19 20 5 0.5 3 -1
19 LN -1 -1 -1 -1 4 0
20 LN -1 -1 -1 -1 4 0
21 IN 22 23 3 0.5 3 -1
22 LN -1 -1 -1 -1 4 1
23 LN -1 -1 -1 -1 4 1
24 IN 25 28 12 0.5 2 -1
25 IN 26 27 0 0.5 3 -1
26 LN -1 -1 -1 -1 4 0
27 LN -1 -1 -1 -1 4 1
28 IN 29 30 9 0.5 3 -1
29 LN -1 -1 -1 -1 4 0
30 LN -1 -1 -1 -1 4 1

[TREE 37]
NB_NODES: 31
0 IN 1 16 0 0.5 0 -1
1 IN 2 9 12 0.5 1 -1
2 IN 3 6 1 0.5 2 -1
3 IN 4 5 14 0.5 3 -1
4 LN -1 -1 -1 -1 4 0
5 LN -1 -1 -1 -1 4 0
6 IN 7 8 3 0.5 3 -1
7 LN -1 -1 -1 -1 4 0
8 LN -1 -1 -1 -1 4 1
9 IN 10 13 2 0.5 2 -1
10 IN 11 12 7 0.5 3 -1
11 LN -1 -1 -1 -1 4 0
12 LN -1 -1 -1 -1 4 0
13 IN 14 15 1 0.5 3 -1
14 LN -1 -1 -1 -1 4 0
15 LN -1 -1 -1 -1 4 1
16 IN 17 24 12 0.5 1 -1
17 IN 18 21 5 0.5 2 -1
18 IN 19 20 8 0.5 3 -1
19 LN -1 -1 -1 -1 4 1
20 LN -1 -1 -1 -1 4 0
21 IN 22 23 13 0.5 3 -1
22 LN -1 -1 -1 -1 4 1
23 LN -1 -1 -1 -1 4 1
24 IN 25 28 10 0.5 2 -1
25 IN 26 27 14 0.5 3 -1
26 LN -1 -1 -1 -1 4 1
27 LN -1 -1 -1 -1 4 1
28 IN 29 30 15 0.5 3 -1
29 LN -1 -1 -1 -1 4 0
30 LN -1 -1 -1 -1 4 1

[TREE 38]
NB_NODES: 31
0 IN 1 16 0 0.5 0 -1
1 IN 2 9 12 0.5 1 -1
2 IN 3 6 2 0.5 2 -1
3 IN 4 5 16 0.5 3 -1
4 LN -1 -1 -1 -1 4 0
5 LN -1 -1 -1 -1 4 0
6 IN 7 8 10 0.5 3 -1
7 LN -1 -1 -1 -1 4 0
8 LN -1 -1 -1 -1 4 0
9 IN 10 13 3 0.5 2 -1
10 IN 11 12 2 0.5 3 -1
11 LN -1 -1 -1 -1 4 0
12 LN -1 -1 -1 -1 4 0
13 IN 14 15 1 0.5 3 -1
14 LN -1 -1 -1 -1 4 0
15 LN -1 -1 -1 -1 4 1
16 IN 17 24 12 0.5 1 -1
17 IN 18 21 7 0.5 2 -1
18 IN 19 20 5 0.5 3 -1
19 LN -1 -1 -1 -1 4 0
20 LN -1 -1 -1 -1 4 1
21 IN 22 23 13 0.5 3 -1
22 LN -1 -1 -1 -1 4 1
23 LN -1 -1 -1 -1 4 1
24 IN 25 28 13 0.5 2 -1
25 IN 26 27 4 0.5 3 -1
26 LN -1 -1 -1 -1 4 1
27 LN -1 -1 -1 -1 4 1
28 IN 29 30 6 0.5 3 -1
29 LN -1 -1 -1 -1 4 1
30 LN -1 -1 -1 -1 4 1

[TREE 39]
NB_NODES: 31
0 IN 1 16 1 0.5 0 -1
1 IN 2 9 9 0.5 1 -1
2 IN 3 6 12 0.5 2 -1
3 IN 4 5 4 0.5 3 -1
4 LN -1 -1 -1 -1 4 0
5 LN -1 -1 -1 -1 4 0
6 IN 7 8 3 0.5 3 -1
7 LN -1 -1 -1 -1 4 0
8 LN -1 -1 -1 -1 4 0
9 IN 10 13 4 0.5 2 -1
10 IN 11 12 14 0.5 3 -1
11 LN -1 -1 -1 -1 4 0
12 LN -1 -1 -1 -1 4 0
13 IN 14 15 15 0.5 3 -1
14 LN -1 -1 -1 -1 4 0
15 LN -1 -1 -1 -1 4 0
16 IN 17 24 12 0.5 1 -1
17 IN 18 21 0 0.5 2 -1
18 IN 19 20 3 0.5 3 -1
19 LN -1 -1 -1 -1 4 0
20 LN -1 -1 -1 -1 4 1
21 IN 22 23 14 0.5 3 -1
22 LN -1 -1 -1 -1 4 0
23 LN -1 -1 -1 -1 4 1
24 IN 25 28 0 0.5 2 -1
25 IN 26 27 6 0.5 3 -1
26 LN -1 -1 -1 -1 4 1
27 LN -1 -1 -1 -1 4 1
28 IN 29 30 15 0.5 3 -1
29 LN -1 -1 -1 -1 4 1
30 LN -1 -1 -1 -1 4 1

[TREE 40]
NB_NODES: 31
0 IN 1 16 1 0.5 0 -1
1 IN 2 9 12 0.5 1 -1
2 IN 3 6 2 0.5 2 -1
3 IN 4 5 5 0.5 3 -1
4 LN -1 -1 -1 -1 4 0
5 LN -1 -1 -1 -1 4 0
6 IN 7 8 3 0.5 3 -1
7 LN -1 -1 -1 -1 4 0
8 LN -1 -1 -1 -1 4 0
9 IN 10 13 9 0.5 2 -1
10 IN 11 12 3 0.5 3 -1
11 LN -1 -1 -1 -1 4 0
12 LN -1 -1 -1 -1 4 0
13 IN 14 15 7 0.5 3 -1
14 LN -1 -1 -1 -1 4 0
15 LN -1 -1 -1 -1 4 0
16 IN 17 24 13 0.5 1 -1
17 IN 18 21 12 0.5 2 -1
18 IN 19 20 0 0.5 3 -1
19 LN -1 -1 -1 -1 4 0
20 LN -1 -1 -1 -1 4 1
21 IN 22 23 4 0.5 3 -1
22 LN -1 -1 -1 -1 4 1
23 LN -1 -1 -1 -1 4 1
24 IN 25 28 0 0.5 2 -1
25 IN 26 27 3 0.5 3 -1
26 LN -1 -1 -1 -1 4 0
27 LN -1 -1 -1 -1 4 1
28 IN 29 30 8 0.5 3 -1
29 LN -1 -1 -1 -1 4 1
30 LN -1 -1 -1 -1 4 1

[TREE 41]
NB_NODES: 31
0 IN 1 16 0 0.5 0 -1
1 IN 2 9 2 0.5 1 -1
2 IN 3 6 4 0.5 2 -1
3 IN 4 5 12 0.5 3 -1
4 LN -1 -1 -1 -1 4 0
5 LN -1 -1 -1 -1 4 0
6 IN 7 8 3 0.5 3 -1
7 LN -1 -1 -1 -1 4 0
8 LN -1 -1 -1 -1 4 0
9 IN 10 13 14 0.5 2 -1
10 IN 11 12 6 0.5 3 -1
11 LN -1 -1 -1 -1 4 0
12 LN -1 -1 -1 -1 4 1
13 IN 14 15 3 0.5 3 -1
14 LN -1 -1 -1 -1 4 0
15 LN -1 -1 -1 -1 4 1
16 IN 17 24 12 0.5 1 -1
17 IN 18 21 7 0.5 2 -1
18 IN 19 20 14 0.5 3 -1
19 LN -1 -1 -1 -1 4 0
20 LN -1 -1 -1 -1 4 0
21 IN 22 23 5 0.5 3 -1
22 LN -1 -1 -1 -1 4 0
23 LN -1 -1 -1 -1 4 1
24 IN 25 28 14 0.5 2 -1
25 IN 26 27 15 0.5 3 -1
26 LN -1 -1 -1 -1 4 0
27 LN -1 -1 -1 -1 4 1
28 IN 29 30 4 0.5 3 -1
29 LN -1 -1 -1 -1 4 1
30 LN -1 -1 -1 -1 4 1

[TREE 42]
NB_NODES: 31
0 IN 1 16 0 0.5 0 -1
1 IN 2 9 2 0.5 1 -1
2 IN 3 6 16 0.5 2 -1
3 IN 4 5 4 0.5 3 -1
4 LN -1 -1 -1 -1 4 0
5 LN -1 -1 -1 -1 4 0
6 IN 7 8 12 0.5 3 -1
7 LN -1 -1 -1 -1 4 0
8 LN -1 -1 -1 -1 4 0
9 IN 10 13 14 0.5 2 -1
10 IN 11 12 6 0.5 3 -1
11 LN -1 -1 -1 -1 4 0
12 LN -1 -1 -1 -1 4 0
13 IN 14 15 12 0.5 3 -1
14 LN -1 -1 -1 -1 4 0
15 LN -1 -1 -1 -1 4 1
16 IN 17 24 12 0.5 1 -1
17 IN 18 21 5 0.5 2 -1
18 IN 19 20 7 0.5 3 -1
19 LN -1 -1 -1 -1 4 0
20 LN -1 -1 -1 -1 4 1
21 IN 22 23 4 0.5 3 -1
22 LN -1 -1 -1 -1 4 1
23 LN -1 -1 -1 -1 4 1
24 IN 25 28 15 0.5 2 -1
25 IN 26 27 10 0.5 3 -1
26 LN -1 -1 -1 -1 4 0
27 LN -1 -1 -1 -1 4 1
28 IN 29 30 4 0.5 3 -1
29 LN -1 -1 -1 -1 4 1
30 LN -1 -1 -1 -1 4 1

[TREE 43]
NB_NODES: 31
0 IN 1 16 2 0.5 0 -1
1 IN 2 9 4 0.5 1 -1
2 IN 3 6 12 0.5 2 -1
3 IN 4 5 10 0.5 3 -1
4 LN -1 -1 -1 -1 4 0
5 LN -1 -1 -1 -1 4 0
6 IN 7 8 7 0.5 3 -1
7 LN -1 -1 -1 -1 4 0
8 LN -1 -1 -1 -1 4 0
9 IN 10 13 12 0.5 2 -1
10 IN 11 12 9 0.5 3 -1
11 LN -1 -1 -1 -1 4 0
12 LN -1 -1 -1 -1 4 0
13 IN 14 15 15 0.5 3 -1
14 LN -1 -1 -1 -1 4 0
15 LN -1 -1 -1 -1 4 0
16 IN 17 24 1 0.5 1 -1
17 IN 18 21 4 0.5 2 -1
18 IN 19 20 7 0.5 3 -1
19 LN -1 -1 -1 -1 4 0
20 LN -1 -1 -1 -1 4 0
21 IN 22 23 16 0.5 3 -1
22 LN -1 -1 -1 -1 4 0
23 LN -1 -1 -1 -1 4 1
24 IN 25 28 12 0.5 2 -1
25 IN 26 27 7 0.5 3 -1
26 LN -1 -1 -1 -1 4 0
27 LN -1 -1 -1 -1 4 1
28 IN 29 30 0 0.5 3 -1
29 LN -1 -1 -1 -1 4 1
30 LN -1 -1 -1 -1 4 1

[TREE 44]
NB_NODES: 31
0 IN 1 16 2 0.5 0 -1
1 IN 2 9 10 0.5 1 -1
2 IN 3 6 7 0.5 2 -1
3 IN 4 5 16 0.5 3 -1
4 LN -1 -1 -1 -1 4 0
5 LN -1 -1 -1 -1 4 0
6 IN 7 8 14 0.5 3 -1
7 LN -1 -1 -1 -1 4 0
8 LN -1 -1 -1 -1 4 0
9 IN 10 13 12 0.5 2 -1
10 IN 11 12 16 0.5 3 -1
11 LN -1 -1 -1 -1 4 0
12 LN -1 -1 -1 -1 4 0
13 IN 14 15 8 0.5 3 -1
14 LN -1 -1 -1 -1 4 0
15 LN -1 -1 -1 -1 4 0
16 IN 17 24 12 0.5 1 -1
17 IN 18 21 13 0.5 2 -1
18 IN 19 20 1 0.5 3 -1
19 LN -1 -1 -1 -1 4 0
20 LN -1 -1 -1 -1 4 1
21 IN 22 23 0 0.5 3 -1
22 LN -1 -1 -1 -1 4 0
23 LN -1 -1 -1 -1 4 1
24 IN 25 28 0 0.5 2 -1
25 IN 26 27 16 0.5 3 -1
26 LN -1 -1 -1 -1 4 1
27 LN -1 -1 -1 -1 4 1
28 IN 29 30 8 0.5 3 -1
29 LN -1 -1 -1 -1 4 1
30 LN -1 -1 -1 -1 4 1

[TREE 45]
NB_NODES: 31
0 IN 1 16 1 0.5 0 -1
1 IN 2 9 14 0.5 1 -1
2 IN 3 6 3 0.5 2 -1
3 IN 4 5 10 0.5 3 -1
4 LN -1 -1 -1 -1 4 0
5 LN -1 -1 -1 -1 4 0
6 IN 7 8 9 0.5 3 -1
7 LN -1 -1 -1 -1 4 0
8 LN -1 -1 -1 -1 4 0
9 IN 10 13 2 0.5 2 -1
10 IN 11 12 5 0.5 3 -1
11 LN -1 -1 -1 -1 4 0
12 LN -1 -1 -1 -1 4 0
13 IN 14 15 12 0.5 3 -1
14 LN -1 -1 -1 -1 4 0
15 LN -1 -1 -1 -1 4 0
16 IN 17 24 12 0.5 1 -1
17 IN 18 21 14 0.5 2 -1
18 IN 19 20 4 0.5 3 -1
19 LN -1 -1 -1 -1 4 0
20 LN -1 -1 -1 -1 4 1
21 IN 22 23 5 0.5 3 -1
22 LN -1 -1 -1 -1 4 0
23 LN -1 -1 -1 -1 4 1
24 IN 25 28 14 0.5 2 -1
25 IN 26 27 10 0.5 3 -1
26 LN -1 -1 -1 -1 4 1
27 LN -1 -1 -1 -1 4 1
28 IN 29 30 9 0.5 3 -1
29 LN -1 -1 -1 -1 4 1
30 LN -1 -1 -1 -1 4 1

[TREE 46]
NB_NODES: 31
0 IN 1 16 14 0.5 0 -1
1 IN 2 9 12 0.5 1 -1
2 IN 3 6 0 0.5 2 -1
3 IN 4 5 3 0.5 3 -1
4 LN -1 -1 -1 -1 4 0
5 LN -1 -1 -1 -1 4 0
6 IN 7 8 10 0.5 3 -1
7 LN -1 -1 -1 -1 4 0
8 LN -1 -1 -1 -1 4 1
9 IN 10 13 2 0.5 2 -1
10 IN 11 12 6 0.5 3 -1
11 LN -1 -1 -1 -1 4 0
12 LN -1 -1 -1 -1 4 0
13 IN 14 15 5 0.5 3 -1
14 LN -1 -1 -1 -1 4 0
15 LN -1 -1 -1 -1 4 1
16 IN 17 24 1 0.5 1 -1
17 IN 18 21 12 0.5 2 -1
18 IN 19 20 3 0.5 3 -1
19 LN -1 -1 -1 -1 4 0
20 LN -1 -1 -1 -1 4 0
21 IN 22 23 10 0.5 3 -1
22 LN -1 -1 -1 -1 4 0
23 LN -1 -1 -1 -1 4 1
24 IN 25 28 12 0.5 2 -1
25 IN 26 27 0 0.5 3 -1
26 LN -1 -1 -1 -1 4 0
27 LN -1 -1 -1 -1 4 1
28 IN 29 30 15 0.5 3 -1
29 LN -1 -1 -1 -1 4 1
30 LN -1 -1 -1 -1 4 1

[TREE 47]
NB_NODES: 31
0 IN 1 16 0 0.5 0 -1
1 IN 2 9 1 0.5 1 -1
2 IN 3 6 2 0.5 2 -1
3 IN 4 5 12 0.5 3 -1
4 LN -1 -1 -1 -1 4 0
5 LN -1 -1 -1 -1 4 0
6 IN 7 8 4 0.5 3 -1
7 LN -1 -1 -1 -1 4 0
8 LN -1 -1 -1 -1 4 0
9 IN 10 13 12 0.5 2 -1
10 IN 11 12 3 0.5 3 -1
11 LN -1 -1 -1 -1 4 0
12 LN -1 -1 -1 -1 4 1
13 IN 14 15 16 0.5 3 -1
14 LN -1 -1 -1 -1 4 1
15 LN -1 -1 -1 -1 4 1
16 IN 17 24 13 0.5 1 -1
17 IN 18 21 14 0.5 2 -1
18 IN 19 20 12 0.5 3 -1
19 LN -1 -1 -1 -1 4 0
20 LN -1 -1 -1 -1 4 1
21 IN 22 23 12 0.5 3 -1
22 LN -1 -1 -1 -1 4 1
23 LN -1 -1 -1 -1 4 1
24 IN 25 28 7 0.5 2 -1
25 IN 26 27 12 0.5 3 -1
26 LN -1 -1 -1 -1 4 1
27 LN -1 -1 -1 -1 4 1
28 IN 29 30 12 0.5 3 -1
29 LN -1 -1 -1 -1 4 1
30 LN -1 -1 -1 -1 4 1

[TREE 48]
NB_NODES: 31
0 IN 1 16 14 0.5 0 -1
1 IN 2 9 1 0.5 1 -1
2 IN 3 6 3 0.5 2 -1
3 IN 4 5 9 0.5 3 -1
4 LN -1 -1 -1 -1 4 0
5 LN -1 -1 -1 -1 4 0
6 IN 7 8 2 0.5 3 -1
7 LN -1 -1 -1 -1 4 0
8 LN -1 -1 -1 -1 4 0
9 IN 10 13 0 0.5 2 -1
10 IN 11 12 6 0.5 3 -1
11 LN -1 -1 -1 -1 4 0
12 LN -1 -1 -1 -1 4 1
13 IN 14 15 15 0.5 3 -1
14 LN -1 -1 -1 -1 4 0
15 LN -1 -1 -1 -1 4 1
16 IN 17 24 2 0.5 1 -1
17 IN 18 21 9 0.5 2 -1
18 IN 19 20 4 0.5 3 -1
19 LN -1 -1 -1 -1 4 0
20 LN -1 -1 -1 -1 4 0
21 IN 22 23 10 0.5 3 -1
22 LN -1 -1 -1 -1 4 0
23 LN -1 -1 -1 -1 4 0
24 IN 25 28 0 0.5 2 -1
25 IN 26 27 12 0.5 3 -1
26 LN -1 -1 -1 -1 4 0
27 LN -1 -1 -1 -1 4 1
28 IN 29 30 15 0.5 3 -1
29 LN -1 -1 -1 -1 4 1
30 LN -1 -1 -1 -1 4 1

[TREE 49]
NB_NODES: 31
0 IN 1 16 1 0.5 0 -1
1 IN 2 9 4 0.5 1 -1
2 IN 3 6 10 0.5 2 -1
3 IN 4 5 12 0.5 3 -1
4 LN -1 -1 -1 -1 4 0
5 LN -1 -1 -1 -1 4 0
6 IN 7 8 2 0.5 3 -1
7 LN -1 -1 -1 -1 4 0
8 LN -1 -1 -1 -1 4 0
9 IN 10 13 12 0.5 2 -1
10 IN 11 12 9 0.5 3 -1
11 LN -1 -1 -1 -1 4 0
12 LN -1 -1 -1 -1 4 0
13 IN 14 15 2 0.5 3 -1
14 LN -1 -1 -1 -1 4 0
15 LN -1 -1 -1 -1 4 0
16 IN 17 24 0 0.5 1 -1
17 IN 18 21 14 0.5 2 -1
18 IN 19 20 12 0.5 3 -1
19 LN -1 -1 -1 -1 4 0
20 LN -1 -1 -1 -1 4 1
21 IN 22 23 12 0.5 3 -1
22 LN -1 -1 -1 -1 4 0
23 LN -1 -1 -1 -1 4 1
24 IN 25 28 12 0.5 2 -1
25 IN 26 27 4 0.5 3 -1
26 LN -1 -1 -1 -1 4 1
27 LN -1 -1 -1 -1 4 1
28 IN 29 30 13 0.5 3 -1
29 LN -1 -1 -1 -1 4 1
30 LN -1 -1 -1 -1 4 1

[TREE 50]
NB_NODES: 31
0 IN 1 16 0 0.5 0 -1
1 IN 2 9 2 0.5 1 -1
2 IN 3 6 12 0.5 2 -1
3 IN 4 5 5 0.5 3 -1
4 LN -1 -1 -1 -1 4 0
5 LN -1 -1 -1 -1 4 0
6 IN 7 8 3 0.5 3 -1
7 LN -1 -1 -1 -1 4 0
8 LN -1 -1 -1 -1 4 0
9 IN 10 13 12 0.5 2 -1
10 IN 11 12 15 0.5 3 -1
11 LN -1 -1 -1 -1 4 0
12 LN -1 -1 -1 -1 4 0
13 IN 14 15 1 0.5 3 -1
14 LN -1 -1 -1 -1 4 1
15 LN -1 -1 -1 -1 4 1
16 IN 17 24 14 0.5 1 -1
17 IN 18 21 12 0.5 2 -1
18 IN 19 20 5 0.5 3 -1
19 LN -1 -1 -1 -1 4 0
20 LN -1 -1 -1 -1 4 0
21 IN 22 23 7 0.5 3 -1
22 LN -1 -1 -1 -1 4 1
23 LN -1 -1 -1 -1 4 1
24 IN 25 28 12 0.5 2 -1
25 IN 26 27 8 0.5 3 -1
26 LN -1 -1 -1 -1 4 1
27 LN -1 -1 -1 -1 4 1
28 IN 29 30 3 0.5 3 -1
29 LN -1 -1 -1 -1 4 1
30 LN -1 -1 -1 -1 4 1

[TREE 51]
NB_NODES: 31
0 IN 1 16 1 0.5 0 -1
1 IN 2 9 2 0.5 1 -1
2 IN 3 6 12 0.5 2 -1
3 IN 4 5 16 0.5 3 -1
4 LN -1 -1 -1 -1 4 0
5 LN -1 -1 -1 -1 4 0
6 IN 7 8 7 0.5 3 -1
7 LN -1 -1 -1 -1 4 0
8 LN -1 -1 -1 -1 4 0
9 IN 10 13 12 0.5 2 -1
10 IN 11 12 14 0.5 3 -1
11 LN -1 -1 -1 -1 4 0
12 LN -1 -1 -1 -1 4 0
13 IN 14 15 7 0.5 3 -1
14 LN -1 -1 -1 -1 4 0
15 LN -1 -1 -1 -1 4 1
16 IN 17 24 12 0.5 1 -1
17 IN 18 21 0 0.5 2 -1
18 IN 19 20 3 0.5 3 -1
19 LN -1 -1 -1 -1 4 0
20 LN -1 -1 -1 -1 4 1
21 IN 22 23 14 0.5 3 -1
22 LN -1 -1 -1 -1 4 0
23 LN -1 -1 -1 -1 4 1
24 IN 25 28 0 0.5 2 -1
25 IN 26 27 9 0.5 3 -1
26 LN -1 -1 -1 -1 4 0
27 LN -1 -1 -1 -1 4 1
28 IN 29 30 3 0.5 3 -1
29 LN -1 -1 -1 -1 4 1
30 LN -1 -1 -1 -1 4 1

[TREE 52]
NB_NODES: 31
0 IN 1 16 13 0.5 0 -1
1 IN 2 9 2 0.5 1 -1
2 IN 3 6 4 0.5 2 -1
3 IN 4 5 8 0.5 3 -1
4 LN -1 -1 -1 -1 4 0
5 LN -1 -1 -1 -1 4 0
6 IN 7 8 15 0.5 3 -1
7 LN -1 -1 -1 -1 4 0
8 LN -1 -1 -1 -1 4 0
9 IN 10 13 1 0.5 2 -1
10 IN 11 12 12 0.5 3 -1
11 LN -1 -1 -1 -1 4 0
12 LN -1 -1 -1 -1 4 0
13 IN 14 15 12 0.5 3 -1
14 LN -1 -1 -1 -1 4 0
15 LN -1 -1 -1 -1 4 1
16 IN 17 24 9 0.5 1 -1
17 IN 18 21 15 0.5 2 -1
18 IN 19 20 2 0.5 3 -1
19 LN -1 -1 -1 -1 4 0
20 LN -1 -1 -1 -1 4 0
21 IN 22 23 6 0.5 3 -1
22 LN -1 -1 -1 -1 4 0
23 LN -1 -1 -1 -1 4 1
24 IN 25 28 12 0.5 2 -1
25 IN 26 27 5 0.5 3 -1
26 LN -1 -1 -1 -1 4 0
27 LN -1 -1 -1 -1 4 1
28 IN 29 30 0 0.5 3 -1
29 LN -1 -1 -1 -1 4 1
30 LN -1 -1 -1 -1 4 1

[TREE 53]
NB_NODES: 31
0 IN 1 16 0 0.5 0 -1
1 IN 2 9 1 0.5 1 -1
2 IN 3 6 2 0.5 2 -1
3 IN 4 5 10 0.5 3 -1
4 LN -1 -1 -1 -1 4 0
5 LN -1 -1 -1 -1 4 0
6 IN 7 8 5 0.5 3 -1
7 LN -1 -1 -1 -1 4 0
8 LN -1 -1 -1 -1 4 0
9 IN 10 13 3 0.5 2 -1
10 IN 11 12 12 0.5 3 -1
11 LN -1 -1 -1 -1 4 0
12 LN -1 -1 -1 -1 4 1
13 IN 14 15 12 0.5 3 -1
14 LN -1 -1 -1 -1 4 1
15 LN -1 -1 -1 -1 4 1
16 IN 17 24 12 0.5 1 -1
17 IN 18 21 14 0.5 2 -1
18 IN 19 20 11 0.5 3 -1
19 LN -1 -1 -1 -1 4 0
20 LN -1 -1 -1 -1 4 0
21 IN 22 23 9 0.5 3 -1
22 LN -1 -1 -1 -1 4 0
23 LN -1 -1 -1 -1 4 1
24 IN 25 28 14 0.5 2 -1
25 IN 26 27 8 0.5 3 -1
26 LN -1 -1 -1 -1 4 1
27 LN -1 -1 -1 -1 4 1
28 IN 29 30 7 0.5 3 -1
29 LN -1 -1 -1 -1 4 1
30 LN -1 -1 -1 -1 4 1

[TREE 54]
NB_NODES: 31
0 IN 1 16 0 0.5 0 -1
1 IN 2 9 2 0.5 1 -1
2 IN 3 6 5 0.5 2 -1
3 IN 4 5 16 0.5 3 -1
4 LN -1 -1 -1 -1 4 0
5 LN -1 -1 -1 -1 4 0
6 IN 7 8 10 0.5 3 -1
7 LN -1 -1 -1 -1 4 0
8 LN -1 -1 -1 -1 4 0
9 IN 10 13 14 0.5 2 -1
10 IN 11 12 12 0.5 3 -1
11 LN -1 -1 -1 -1 4 0
12 LN -1 -1 -1 -1 4 0
13 IN 14 15 12 0.5 3 -1
14 LN -1 -1 -1 -1 4 0
15 LN -1 -1 -1 -1 4 1
16 IN 17 24 15 0.5 1 -1
17 IN 18 21 12 0.5 2 -1
18 IN 19 20 14 0.5 3 -1
19 LN -1 -1 -1 -1 4 0
20 LN -1 -1 -1 -1 4 0
21 IN 22 23 10 0.5 3 -1
22 LN -1 -1 -1 -1 4 1
23 LN -1 -1 -1 -1 4 0
24 IN 25 28 14 0.5 2 -1
25 IN 26 27 12 0.5 3 -1
26 LN -1 -1 -1 -1 4 0
27 LN -1 -1 -1 -1 4 1
28 IN 29 30 12 0.5 3 -1
29 LN -1 -1 -1 -1 4 1
30 LN -1 -1 -1 -1 4 1

[TREE 55]
NB_NODES: 31
0 IN 1 16 0 0.5 0 -1
1 IN 2 9 12 0.5 1 -1
2 IN 3 6 1 0.5 2 -1
3 IN 4 5 5 0.5 3 -1
4 LN -1 -1 -1 -1 4 0
5 LN -1 -1 -1 -1 4 0
6 IN 7 8 6 0.5 3 -1
7 LN -1 -1 -1 -1 4 0
8 LN -1 -1 -1 -1 4 1
9 IN 10 13 1 0.5 2 -1
10 IN 11 12 7 0.5 3 -1
11 LN -1 -1 -1 -1 4 0
12 LN -1 -1 -1 -1 4 0
13 IN 14 15 9 0.5 3 -1
14 LN -1 -1 -1 -1 4 0
15 LN -1 -1 -1 -1 4 1
16 IN 17 24 15 0.5 1 -1
17 IN 18 21 7 0.5 2 -1
18 IN 19 20 13 0.5 3 -1
19 LN -1 -1 -1 -1 4 1
20 LN -1 -1 -1 -1 4 0
21 IN 22 23 14 0.5 3 -1
22 LN -1 -1 -1 -1 4 0
23 LN -1 -1 -1 -1 4 1
24 IN 25 28 12 0.5 2 -1
25 IN 26 27 5 0.5 3 -1
26 LN -1 -1 -1 -1 4 0
27 LN -1 -1 -1 -1 4 1
28 IN 29 30 13 0.5 3 -1
29 LN -1 -1 -1 -1 4 1
30 LN -1 -1 -1 -1 4 1

[TREE 56]
NB_NODES: 31
0 IN 1 16 1 0.5 0 -1
1 IN 2 9 12 0.5 1 -1
2 IN 3 6 14 0.5 2 -1
3 IN 4 5 4 0.5 3 -1
4 LN -1 -1 -1 -1 4 0
5 LN -1 -1 -1 -1 4 0
6 IN 7 8 7 0.5 3 -1
7 LN -1 -1 -1 -1 4 0
8 LN -1 -1 -1 -1 4 0
9 IN 10 13 2 0.5 2 -1
10 IN 11 12 16 0.5 3 -1
11 LN -1 -1 -1 -1 4 0
12 LN -1 -1 -1 -1 4 1
13 IN 14 15 5 0.5 3 -1
14 LN -1 -1 -1 -1 4 0
15 LN -1 -1 -1 -1 4 0
16 IN 17 24 0 0.5 1 -1
17 IN 18 21 3 0.5 2 -1
18 IN 19 20 10 0.5 3 -1
19 LN -1 -1 -1 -1 4 0
20 LN -1 -1 -1 -1 4 0
21 IN 22 23 12 0.5 3 -1
22 LN -1 -1 -1 -1 4 1
23 LN -1 -1 -1 -1 4 1
24 IN 25 28 12 0.5 2 -1
25 IN 26 27 9 0.5 3 -1
26 LN -1 -1 -1 -1 4 0
27 LN -1 -1 -1 -1 4 1
28 IN 29 30 13 0.5 3 -1
29 LN -1 -1 -1 -1 4 1
30 LN -1 -1 -1 -1 4 1

[TREE 57]
NB_NODES: 31
0 IN 1 16 0 0.5 0 -1
1 IN 2 9 1 0.5 1 -1
2 IN 3 6 12 0.5 2 -1
3 IN 4 5 10 0.5 3 -1
4 LN -1 -1 -1 -1 4 0
5 LN -1 -1 -1 -1 4 0
6 IN 7 8 14 0.5 3 -1
7 LN -1 -1 -1 -1 4 0
8 LN -1 -1 -1 -1 4 0
9 IN 10 13 12 0.5 2 -1
10 IN 11 12 10 0.5 3 -1
11 LN -1 -1 -1 -1 4 0
12 LN -1 -1 -1 -1 4 0
13 IN 14 15 9 0.5 3 -1
14 LN -1 -1 -1 -1 4 0
15 LN -1 -1 -1 -1 4 1
16 IN 17 24 12 0.5 1 -1
17 IN 18 21 4 0.5 2 -1
18 IN 19 20 5 0.5 3 -1
19 LN -1 -1 -1 -1 4 0
20 LN -1 -1 -1 -1 4 1
21 IN 22 23 3 0.5 3 -1
22 LN -1 -1 -1 -1 4 1
23 LN -1 -1 -1 -1 4 1
24 IN 25 28 13 0.5 2 -1
25 IN 26 27 14 0.5 3 -1
26 LN -1 -1 -1 -1 4 1
27 LN -1 -1 -1 -1 4 1
28 IN 29 30 6 0.5 3 -1
29 LN -1 -1 -1 -1 4 1
30 LN -1 -1 -1 -1 4 1

[TREE 58]
NB_NODES: 31
0 IN 1 16 0 0.5 0 -1
1 IN 2 9 12 0.5 1 -1
2 IN 3 6 1 0.5 2 -1
3 IN 4 5 14 0.5 3 -1
4 LN -1 -1 -1 -1 4 0
5 LN -1 -1 -1 -1 4 0
6 IN 7 8 10 0.5 3 -1
7 LN -1 -1 -1 -1 4 0
8 LN -1 -1 -1 -1 4 0
9 IN 10 13 16 0.5 2 -1
10 IN 11 12 1 0.5 3 -1
11 LN -1 -1 -1 -1 4 0
12 LN -1 -1 -1 -1 4 1
13 IN 14 15 9 0.5 3 -1
14 LN -1 -1 -1 -1 4 0
15 LN -1 -1 -1 -1 4 1
16 IN 17 24 15 0.5 1 -1
17 IN 18 21 14 0.5 2 -1
18 IN 19 20 7 0.5 3 -1
19 LN -1 -1 -1 -1 4 0
20 LN -1 -1 -1 -1 4 0
21 IN 22 23 4 0.5 3 -1
22 LN -1 -1 -1 -1 4 1
23 LN -1 -1 -1 -1 4 1
24 IN 25 28 4 0.5 2 -1
25 IN 26 27 12 0.5 3 -1
26 LN -1 -1 -1 -1 4 1
27 LN -1 -1 -1 -1 4 1
28 IN 29 30 8 0.5 3 -1
29 LN -1 -1 -1 -1 4 1
30 LN -1 -1 -1 -1 4 1

[TREE 59]
NB_NODES: 31
0 IN 1 16 0 0.5 0 -1
1 IN 2 9 12 0.5 1 -1
2 IN 3 6 14 0.5 2 -1
3 IN 4 5 4 0.5 3 -1
4 LN -1 -1 -1 -1 4 0
5 LN -1 -1 -1 -1 4 0
6 IN 7 8 1 0.5 3 -1
7 LN -1 -1 -1 -1 4 0
8 LN -1 -1 -1 -1 4 0
9 IN 10 13 2 0.5 2 -1
10 IN 11 12 16 0.5 3 -1
11 LN -1 -1 -1 -1 4 0
12 LN -1 -1 -1 -1 4 1
13 IN 14 15 9 0.5 3 -1
14 LN -1 -1 -1 -1 4 0
15 LN -1 -1 -1 -1 4 1
16 IN 17 24 7 0.5 1 -1
17 IN 18 21 3 0.5 2 -1
18 IN 19 20 4 0.5 3 -1
19 LN -1 -1 -1 -1 4 0
20 LN -1 -1 -1 -1 4 1
21 IN 22 23 16 0.5 3 -1
22 LN -1 -1 -1 -1 4 1
23 LN -1 -1 -1 -1 4 1
24 IN 25 28 12 0.5 2 -1
25 IN 26 27 8 0.5 3 -1
26 LN -1 -1 -1 -1 4 1
27 LN -1 -1 -1 -1 4 1
28 IN 29 30 14 0.5 3 -1
29 LN -1 -1 -1 -1 4 1
30 LN -1 -1 -1 -1 4 1

[TREE 60]
NB_NODES: 31
0 IN 1 16 0 0.5 0 -1
1 IN 2 9 1 0.5 1 -1
2 IN 3 6 5 0.5 2 -1
3 IN 4 5 15 0.5 3 -1
4 LN -1 -1 -1 -1 4 0
5 LN -1 -1 -1 -1 4 0
6 IN 7 8 2 0.5 3 -1
7 LN -1 -1 -1 -1 4 0
8 LN -1 -1 -1 -1 4 0
9 IN 10 13 12 0.5 2 -1
10 IN 11 12 14 0.5 3 -1
11 LN -1 -1 -1 -1 4 0
12 LN -1 -1 -1 -1 4 0
13 IN 14 15 5 0.5 3 -1
14 LN -1 -1 -1 -1 4 0
15 LN -1 -1 -1 -1 4 1
16 IN 17 24 5 0.5 1 -1
17 IN 18 21 12 0.5 2 -1
18 IN 19 20 10 0.5 3 -1
19 LN -1 -1 -1 -1 4 0
20 LN -1 -1 -1 -1 4 0
21 IN 22 23 13 0.5 3 -1
22 LN -1 -1 -1 -1 4 1
23 LN -1 -1 -1 -1 4 1
24 IN 25 28 12 0.5 2 -1
25 IN 26 27 13 0.5 3 -1
26 LN -1 -1 -1 -1 4 1
27 LN -1 -1 -1 -1 4 1
28 IN 29 30 3 0.5 3 -1
29 LN -1 -1 -1 -1 4 1
30 LN -1 -1 -1 -1 4 1

[TREE 61]
NB_NODES: 31
0 IN 1 16 13 0.5 0 -1
1 IN 2 9 0 0.5 1 -1
2 IN 3 6 2 0.5 2 -1
3 IN 4 5 10 0.5 3 -1
4 LN -1 -1 -1 -1 4 0
5 LN -1 -1 -1 -1 4 0
6 IN 7 8 14 0.5 3 -1
7 LN -1 -1 -1 -1 4 0
8 LN -1 -1 -1 -1 4 0
9 IN 10 13 12 0.5 2 -1
10 IN 11 12 4 0.5 3 -1
11 LN -1 -1 -1 -1 4 1
12 LN -1 -1 -1 -1 4 1
13 IN 14 15 16 0.5 3 -1
14 LN -1 -1 -1 -1 4 1
15 LN -1 -1 -1 -1 4 1
16 IN 17 24 0 0.5 1 -1
17 IN 18 21 3 0.5 2 -1
18 IN 19 20 16 0.5 3 -1
19 LN -1 -1 -1 -1 4 0
20 LN -1 -1 -1 -1 4 0
21 IN 22 23 9 0.5 3 -1
22 LN -1 -1 -1 -1 4 0
23 LN -1 -1 -1 -1 4 1
24 IN 25 28 12 0.5 2 -1
25 IN 26 27 7 0.5 3 -1
26 LN -1 -1 -1 -1 4 1
27 LN -1 -1 -1 -1 4 1
28 IN 29 30 15 0.5 3 -1
29 LN -1 -1 -1 -1 4 1
30 LN -1 -1 -1 -1 4 1

[TREE 62]
NB_NODES: 31
0 IN 1 16 1 0.5 0 -1
1 IN 2 9 12 0.5 1 -1
2 IN 3 6 2 0.5 2 -1
3 IN 4 5 4 0.5 3 -1
4 LN -1 -1 -1 -1 4 0
5 LN -1 -1 -1 -1 4 0
6 IN 7 8 3 0.5 3 -1
7 LN -1 -1 -1 -1 4 0
8 LN -1 -1 -1 -1 4 0
9 IN 10 13 14 0.5 2 -1
10 IN 11 12 2 0.5 3 -1
11 LN -1 -1 -1 -1 4 0
12 LN -1 -1 -1 -1 4 0
13 IN 14 15 13 0.5 3 -1
14 LN -1 -1 -1 -1 4 0
15 LN -1 -1 -1 -1 4 1
16 IN 17 24 5 0.5 1 -1
17 IN 18 21 0 0.5 2 -1
18 IN 19 20 12 0.5 3 -1
19 LN -1 -1 -1 -1 4 0
20 LN -1 -1 -1 -1 4 0
21 IN 22 23 12 0.5 3 -1
22 LN -1 -1 -1 -1 4 0
23 LN -1 -1 -1 -1 4 1
24 IN 25 28 0 0.5 2 -1
25 IN 26 27 6 0.5 3 -1
26 LN -1 -1 -1 -1 4 0
27 LN -1 -1 -1 -1 4 1
28 IN 29 30 12 0.5 3 -1
29 LN -1 -1 -1 -1 4 1
30 LN -1 -1 -1 -1 4 1

[TREE 63]
NB_NODES: 31
0 IN 1 16 0 0.5 0 -1
1 IN 2 9 12 0.5 1 -1
2 IN 3 6 1 0.5 2 -1
3 IN 4 5 10 0.5 3 -1
4 LN -1 -1 -1 -1 4 0
5 LN -1 -1 -1 -1 4 0
6 IN 7 8 6 0.5 3 -1
7 LN -1 -1 -1 -1 4 0
8 LN -1 -1 -1 -1 4 1
9 IN 10 13 5 0.5 2 -1
10 IN 11 12 16 0.5 3 -1
11 LN -1 -1 -1 -1 4 0
12 LN -1 -1 -1 -1 4 1
13 IN 14 15 1 0.5 3 -1
14 LN -1 -1 -1 -1 4 0
15 LN -1 -1 -1 -1 4 1
16 IN 17 24 5 0.5 1 -1
17 IN 18 21 13 0.5 2 -1
18 IN 19 20 16 0.5 3 -1
19 LN -1 -1 -1 -1 4 0
20 LN -1 -1 -1 -1 4 1
21 IN 22 23 3 0.5 3 -1
22 LN -1 -1 -1 -1 4 1
23 LN -1 -1 -1 -1 4 0
24 IN 25 28 15 0.5 2 -1
25 IN 26 27 9 0.5 3 -1
26 LN -1 -1 -1 -1 4 0
27 LN -1 -1 -1 -1 4 1
28 IN 29 30 8 0.5 3 -1
29 LN -1 -1 -1 -1 4 1
30 LN -1 -1 -1 -1 4 1

[TREE 64]
NB_NODES: 31
0 IN 1 16 0 0.5 0 -1
1 IN 2 9 2 0.5 1 -1
2 IN 3 6 4 0.5 2 -1
3 IN 4 5 5 0.5 3 -1
4 LN -1 -1 -1 -1 4 0
5 LN -1 -1 -1 -1 4 0
6 IN 7 8 9 0.5 3 -1
7 LN -1 -1 -1 -1 4 0
8 LN -1 -1 -1 -1 4 0
9 IN 10 13 1 0.5 2 -1
10 IN 11 12 14 0.5 3 -1
11 LN -1 -1 -1 -1 4 0
12 LN -1 -1 -1 -1 4 0
13 IN 14 15 10 0.5 3 -1
14 LN -1 -1 -1 -1 4 0
15 LN -1 -1 -1 -1 4 1
16 IN 17 24 12 0.5 1 -1
17 IN 18 21 5 0.5 2 -1
18 IN 19 20 16 0.5 3 -1
19 LN -1 -1 -1 -1 4 0
20 LN -1 -1 -1 -1 4 0
21 IN 22 23 4 0.5 3 -1
22 LN -1 -1 -1 -1 4 1
23 LN -1 -1 -1 -1 4 1
24 IN 25 28 14 0.5 2 -1
25 IN 26 27 7 0.5 3 -1
26 LN -1 -1 -1 -1 4 1
27 LN -1 -1 -1 -1 4 1
28 IN 29 30 4 0.5 3 -1
29 LN -1 -1 -1 -1 4 1
30 LN -1 -1 -1 -1 4 1

[TREE 65]
NB_NODES: 29
0 IN 1 14 2 0.5 0 -1
1 IN 2 9 16 0.5 1 -1
2 IN 3 6 5 0.5 2 -1
3 IN 4 5 15 0.5 3 -1
4 LN -1 -1 -1 -1 4 0
5 LN -1 -1 -1 -1 4 0
6 IN 7 8 13 0.5 3 -1
7 LN -1 -1 -1 -1 4 0
8 LN -1 -1 -1 -1 4 0
9 IN 10 13 6 0.5 2 -1
10 IN 11 12 4 0.5 3 -1
11 LN -1 -1 -1 -1 4 0
12 LN -1 -1 -1 -1 4 0
13 LN -1 -1 -1 -1 3 0
14 IN 15 22 0 0.5 1 -1
15 IN 16 19 3 0.5 2 -1
16 IN 17 18 14 0.5 3 -1
17 LN -1 -1 -1 -1 4 0
18 LN -1 -1 -1 -1 4 0
19 IN 20 21 1 0.5 3 -1
20 LN -1 -1 -1 -1 4 0
21 LN -1 -1 -1 -1 4 1
22 IN 23 26 14 0.5 2 -1
23 IN 24 25 15 0.5 3 -1
24 LN -1 -1 -1 -1 4 0
25 LN -1 -1 -1 -1 4 1
26 IN 27 28 12 0.5 3 -1
27 LN -1 -1 -1 -1 4 1
28 LN -1 -1 -1 -1 4 1

[TREE 66]
NB_NODES: 31
0 IN 1 16 0 0.5 0 -1
1 IN 2 9 12 0.5 1 -1
2 IN 3 6 1 0.5 2 -1
3 IN 4 5 2 0.5 3 -1
4 LN -1 -1 -1 -1 4 0
5 LN -1 -1 -1 -1 4 0
6 IN 7 8 3 0.5 3 -1
7 LN -1 -1 -1 -1 4 0
8 LN -1 -1 -1 -1 4 1
9 IN 10 13 1 0.5 2 -1
10 IN 11 12 7 0.5 3 -1
11 LN -1 -1 -1 -1 4 0
12 LN -1 -1 -1 -1 4 0
13 IN 14 15 3 0.5 3 -1
14 LN -1 -1 -1 -1 4 1
15 LN -1 -1 -1 -1 4 1
16 IN 17 24 7 0.5 1 -1
17 IN 18 21 5 0.5 2 -1
18 IN 19 20 12 0.5 3 -1
19 LN -1 -1 -1 -1 4 0
20 LN -1 -1 -1 -1 4 1
21 IN 22 23 12 0.5 3 -1
22 LN -1 -1 -1 -1 4 1
23 LN -1 -1 -1 -1 4 1
24 IN 25 28 13 0.5 2 -1
25 IN 26 27 12 0.5 3 -1
26 LN -1 -1 -1 -1 4 1
27 LN -1 -1 -1 -1 4 1
28 IN 29 30 8 0.5 3 -1
29 LN -1 -1 -1 -1 4 1
30 LN -1 -1 -1 -1 4 1

[TREE 67]
NB_NODES: 31
0 IN 1 16 1 0.5 0 -1
1 IN 2 9 2 0.5 1 -1
2 IN 3 6 3 0.5 2 -1
3 IN 4 5 4 0.5 3 -1
4 LN -1 -1 -1 -1 4 0
5 LN -1 -1 -1 -1 4 0
6 IN 7 8 10 0.5 3 -1
7 LN -1 -1 -1 -1 4 0
8 LN -1 -1 -1 -1 4 0
9 IN 10 13 14 0.5 2 -1
10 IN 11 12 12 0.5 3 -1
11 LN -1 -1 -1 -1 4 0
12 LN -1 -1 -1 -1 4 0
13 IN 14 15 12 0.5 3 -1
14 LN -1 -1 -1 -1 4 0
15 LN -1 -1 -1 -1 4 1
16 IN 17 24 0 0.5 1 -1
17 IN 18 21 3 0.5 2 -1
18 IN 19 20 12 0.5 3 -1
19 LN -1 -1 -1 -1 4 0
20 LN -1 -1 -1 -1 4 1
21 IN 22 23 9 0.5 3 -1
22 LN -1 -1 -1 -1 4 0
23 LN -1 -1 -1 -1 4 1
24 IN 25 28 12 0.5 2 -1
25 IN 26 27 9 0.5 3 -1
26 LN -1 -1 -1 -1 4 0
27 LN -1 -1 -1 -1 4 1
28 IN 29 30 15 0.5 3 -1
29 LN -1 -1 -1 -1 4 0
30 LN -1 -1 -1 -1 4 1

[TREE 68]
NB_NODES: 31
0 IN 1 16 1 0.5 0 -1
1 IN 2 9 12 0.5 1 -1
2 IN 3 6 2 0.5 2 -1
3 IN 4 5 4 0.5 3 -1
4 LN -1 -1 -1 -1 4 0
5 LN -1 -1 -1 -1 4 0
6 IN 7 8 10 0.5 3 -1
7 LN -1 -1 -1 -1 4 0
8 LN -1 -1 -1 -1 4 0
9 IN 10 13 2 0.5 2 -1
10 IN 11 12 14 0.5 3 -1
11 LN -1 -1 -1 -1 4 0
12 LN -1 -1 -1 -1 4 0
13 IN 14 15 8 0.5 3 -1
14 LN -1 -1 -1 -1 4 0
15 LN -1 -1 -1 -1 4 0
16 IN 17 24 0 0.5 1 -1
17 IN 18 21 12 0.5 2 -1
18 IN 19 20 3 0.5 3 -1
19 LN -1 -1 -1 -1 4 0
20 LN -1 -1 -1 -1 4 1
21 IN 22 23 9 0.5 3 -1
22 LN -1 -1 -1 -1 4 0
23 LN -1 -1 -1 -1 4 1
24 IN 25 28 14 0.5 2 -1
25 IN 26 27 12 0.5 3 -1
26 LN -1 -1 -1 -1 4 0
27 LN -1 -1 -1 -1 4 1
28 IN 29 30 5 0.5 3 -1
29 LN -1 -1 -1 -1 4 1
30 LN -1 -1 -1 -1 4 1

[TREE 69]
NB_NODES: 31
0 IN 1 16 1 0.5 0 -1
1 IN 2 9 2 0.5 1 -1
2 IN 3 6 12 0.5 2 -1
3 IN 4 5 5 0.5 3 -1
4 LN -1 -1 -1 -1 4 0
5 LN -1 -1 -1 -1 4 0
6 IN 7 8 6 0.5 3 -1
7 LN -1 -1 -1 -1 4 0
8 LN -1 -1 -1 -1 4 0
9 IN 10 13 4 0.5 2 -1
10 IN 11 12 12 0.5 3 -1
11 LN -1 -1 -1 -1 4 0
12 LN -1 -1 -1 -1 4 0
13 IN 14 15 9 0.5 3 -1
14 LN -1 -1 -1 -1 4 0
15 LN -1 -1 -1 -1 4 0
16 IN 17 24 0 0.5 1 -1
17 IN 18 21 6 0.5 2 -1
18 IN 19 20 5 0.5 3 -1
19 LN -1 -1 -1 -1 4 0
20 LN -1 -1 -1 -1 4 0
21 IN 22 23 8 0.5 3 -1
22 LN -1 -1 -1 -1 4 1
23 LN -1 -1 -1 -1 4 1
24 IN 25 28 7 0.5 2 -1
25 IN 26 27 5 0.5 3 -1
26 LN -1 -1 -1 -1 4 0
27 LN -1 -1 -1 -1 4 1
28 IN 29 30 12 0.5 3 -1
29 LN -1 -1 -1 -1 4 1
30 LN -1 -1 -1 -1 4 1

[TREE 70]
NB_NODES: 31
0 IN 1 16 0 0.5 0 -1
1 IN 2 9 12 0.5 1 -1
2 IN 3 6 3 0.5 2 -1
3 IN 4 5 2 0.5 3 -1
4 LN -1 -1 -1 -1 4 0
5 LN -1 -1 -1 -1 4 0
6 IN 7 8 10 0.5 3 -1
7 LN -1 -1 -1 -1 4 0
8 LN -1 -1 -1 -1 4 0
9 IN 10 13 9 0.5 2 -1
10 IN 11 12 2 0.5 3 -1
11 LN -1 -1 -1 -1 4 0
12 LN -1 -1 -1 -1 4 0
13 IN 14 15 16 0.5 3 -1
14 LN -1 -1 -1 -1 4 0
15 LN -1 -1 -1 -1 4 1
16 IN 17 24 12 0.5 1 -1
17 IN 18 21 9 0.5 2 -1
18 IN 19 20 4 0.5 3 -1
19 LN -1 -1 -1 -1 4 0
20 LN -1 -1 -1 -1 4 0
21 IN 22 23 14 0.5 3 -1
22 LN -1 -1 -1 -1 4 0
23 LN -1 -1 -1 -1 4 1
24 IN 25 28 14 0.5 2 -1
25 IN 26 27 11 0.5 3 -1
26 LN -1 -1 -1 -1 4 1
27 LN -1 -1 -1 -1 4 1
28 IN 29 30 15 0.5 3 -1
29 LN -1 -1 -1 -1 4 1
30 LN -1 -1 -1 -1 4 1

[TREE 71]
NB_NODES: 31
0 IN 1 16 2 0.5 0 -1
1 IN 2 9 5 0.5 1 -1
2 IN 3 6 12 0.5 2 -1
3 IN 4 5 8 0.5 3 -1
4 LN -1 -1 -1 -1 4 0
5 LN -1 -1 -1 -1 4 0
6 IN 7 8 13 0.5 3 -1
7 LN -1 -1 -1 -1 4 0
8 LN -1 -1 -1 -1 4 0
9 IN 10 13 12 0.5 2 -1
10 IN 11 12 13 0.5 3 -1
11 LN -1 -1 -1 -1 4 0
12 LN -1 -1 -1 -1 4 0
13 IN 14 15 7 0.5 3 -1
14 LN -1 -1 -1 -1 4 0
15 LN -1 -1 -1 -1 4 0
16 IN 17 24 0 0.5 1 -1
17 IN 18 21 12 0.5 2 -1
18 IN 19 20 1 0.5 3 -1
19 LN -1 -1 -1 -1 4 0
20 LN -1 -1 -1 -1 4 0
21 IN 22 23 3 0.5 3 -1
22 LN -1 -1 -1 -1 4 0
23 LN -1 -1 -1 -1 4 1
24 IN 25 28 4 0.5 2 -1
25 IN 26 27 12 0.5 3 -1
26 LN -1 -1 -1 -1 4 1
27 LN -1 -1 -1 -1 4 1
28 IN 29 30 9 0.5 3 -1
29 LN -1 -1 -1 -1 4 0
30 LN -1 -1 -1 -1 4 1

[TREE 72]
NB_NODES: 31
0 IN 1 16 1 0.5 0 -1
1 IN 2 9 12 0.5 1 -1
2 IN 3 6 14 0.5 2 -1
3 IN 4 5 3 0.5 3 -1
4 LN -1 -1 -1 -1 4 0
5 LN -1 -1 -1 -1 4 0
6 IN 7 8 9 0.5 3 -1
7 LN -1 -1 -1 -1 4 0
8 LN -1 -1 -1 -1 4 0
9 IN 10 13 7 0.5 2 -1
10 IN 11 12 14 0.5 3 -1
11 LN -1 -1 -1 -1 4 0
12 LN -1 -1 -1 -1 4 0
13 IN 14 15 2 0.5 3 -1
14 LN -1 -1 -1 -1 4 0
15 LN -1 -1 -1 -1 4 0
16 IN 17 24 13 0.5 1 -1
17 IN 18 21 14 0.5 2 -1
18 IN 19 20 15 0.5 3 -1
19 LN -1 -1 -1 -1 4 0
20 LN -1 -1 -1 -1 4 1
21 IN 22 23 12 0.5 3 -1
22 LN -1 -1 -1 -1 4 1
23 LN -1 -1 -1 -1 4 1
24 IN 25 28 12 0.5 2 -1
25 IN 26 27 7 0.5 3 -1
26 LN -1 -1 -1 -1 4 1
27 LN -1 -1 -1 -1 4 1
28 IN 29 30 4 0.5 3 -1
29 LN -1 -1 -1 -1 4 1
30 LN -1 -1 -1 -1 4 1

[TREE 73]
NB_NODES: 31
0 IN 1 16 14 0.5 0 -1
1 IN 2 9 8 0.5 1 -1
2 IN 3 6 12 0.5 2 -1
3 IN 4 5 4 0.5 3 -1
4 LN -1 -1 -1 -1 4 0
5 LN -1 -1 -1 -1 4 0
6 IN 7 8 2 0.5 3 -1
7 LN -1 -1 -1 -1 4 0
8 LN -1 -1 -1 -1 4 1
9 IN 10 13 1 0.5 2 -1
10 IN 11 12 6 0.5 3 -1
11 LN -1 -1 -1 -1 4 0
12 LN -1 -1 -1 -1 4 0
13 IN 14 15 12 0.5 3 -1
14 LN -1 -1 -1 -1 4 0
15 LN -1 -1 -1 -1 4 1
16 IN 17 24 1 0.5 1 -1
17 IN 18 21 12 0.5 2 -1
18 IN 19 20 2 0.5 3 -1
19 LN -1 -1 -1 -1 4 0
20 LN -1 -1 -1 -1 4 0
21 IN 22 23 9 0.5 3 -1
22 LN -1 -1 -1 -1 4 0
23 LN -1 -1 -1 -1 4 0
24 IN 25 28 0 0.5 2 -1
25 IN 26 27 5 0.5 3 -1
26 LN -1 -1 -1 -1 4 0
27 LN -1 -1 -1 -1 4 1
28 IN 29 30 7 0.5 3 -1
29 LN -1 -1 -1 -1 4 1
30 LN -1 -1 -1 -1 4 1

[TREE 74]
NB_NODES: 31
0 IN 1 16 0 0.5 0 -1
1 IN 2 9 12 0.5 1 -1
2 IN 3 6 1 0.5 2 -1
3 IN 4 5 14 0.5 3 -1
4 LN -1 -1 -1 -1 4 0
5 LN -1 -1 -1 -1 4 0
6 IN 7 8 3 0.5 3 -1
7 LN -1 -1 -1 -1 4 0
8 LN -1 -1 -1 -1 4 1
9 IN 10 13 15 0.5 2 -1
10 IN 11 12 2 0.5 3 -1
11 LN -1 -1 -1 -1 4 0
12 LN -1 -1 -1 -1 4 0
13 IN 14 15 3 0.5 3 -1
14 LN -1 -1 -1 -1 4 0
15 LN -1 -1 -1 -1 4 1
16 IN 17 24 12 0.5 1 -1
17 IN 18 21 5 0.5 2 -1
18 IN 19 20 8 0.5 3 -1
19 LN -1 -1 -1 -1 4 1
20 LN -1 -1 -1 -1 4 0
21 IN 22 23 14 0.5 3 -1
22 LN -1 -1 -1 -1 4 0
23 LN -1 -1 -1 -1 4 1
24 IN 25 28 14 0.5 2 -1
25 IN 26 27 11 0.5 3 -1
26 LN -1 -1 -1 -1 4 1
27 LN -1 -1 -1 -1 4 1
28 IN 29 30 8 0.5 3 -1
29 LN -1 -1 -1 -1 4 1
30 LN -1 -1 -1 -1 4 1

[TREE 75]
NB_NODES: 31
0 IN 1 16 1 0.5 0 -1
1 IN 2 9 12 0.5 1 -1
2 IN 3 6 2 0.5 2 -1
3 IN 4 5 10 0.5 3 -1
4 LN -1 -1 -1 -1 4 0
5 LN -1 -1 -1 -1 4 0
6 IN 7 8 3 0.5 3 -1
7 LN -1 -1 -1 -1 4 0
8 LN -1 -1 -1 -1 4 0
9 IN 10 13 16 0.5 2 -1
10 IN 11 12 9 0.5 3 -1
11 LN -1 -1 -1 -1 4 0
12 LN -1 -1 -1 -1 4 0
13 IN 14 15 9 0.5 3 -1
14 LN -1 -1 -1 -1 4 0
15 LN -1 -1 -1 -1 4 1
16 IN 17 24 0 0.5 1 -1
17 IN 18 21 3 0.5 2 -1
18 IN 19 20 12 0.5 3 -1
19 LN -1 -1 -1 -1 4 0
20 LN -1 -1 -1 -1 4 1
21 IN 22 23 8 0.5 3 -1
22 LN -1 -1 -1 -1 4 0
23 LN -1 -1 -1 -1 4 1
24 IN 25 28 12 0.5 2 -1
25 IN 26 27 5 0.5 3 -1
26 LN -1 -1 -1 -1 4 0
27 LN -1 -1 -1 -1 4 1
28 IN 29 30 7 0.5 3 -1
29 LN -1 -1 -1 -1 4 1
30 LN -1 -1 -1 -1 4 1

[TREE 76]
NB_NODES: 31
0 IN 1 16 0 0.5 0 -1
1 IN 2 9 1 0.5 1 -1
2 IN 3 6 2 0.5 2 -1
3 IN 4 5 12 0.5 3 -1
4 LN -1 -1 -1 -1 4 0
5 LN -1 -1 -1 -1 4 0
6 IN 7 8 4 0.5 3 -1
7 LN -1 -1 -1 -1 4 0
8 LN -1 -1 -1 -1 4 0
9 IN 10 13 12 0.5 2 -1
10 IN 11 12 3 0.5 3 -1
11 LN -1 -1 -1 -1 4 0
12 LN -1 -1 -1 -1 4 1
13 IN 14 15 9 0.5 3 -1
14 LN -1 -1 -1 -1 4 0
15 LN -1 -1 -1 -1 4 1
16 IN 17 24 4 0.5 1 -1
17 IN 18 21 12 0.5 2 -1
18 IN 19 20 5 0.5 3 -1
19 LN -1 -1 -1 -1 4 0
20 LN -1 -1 -1 -1 4 1
21 IN 22 23 15 0.5 3 -1
22 LN -1 -1 -1 -1 4 1
23 LN -1 -1 -1 -1 4 1
24 IN 25 28 12 0.5 2 -1
25 IN 26 27 7 0.5 3 -1
26 LN -1 -1 -1 -1 4 1
27 LN -1 -1 -1 -1 4 1
28 IN 29 30 14 0.5 3 -1
29 LN -1 -1 -1 -1 4 1
30 LN -1 -1 -1 -1 4 1

[TREE 77]
NB_NODES: 31
0 IN 1 16 2 0.5 0 -1
1 IN 2 9 10 0.5 1 -1
2 IN 3 6 14 0.5 2 -1
3 IN 4 5 7 0.5 3 -1
4 LN -1 -1 -1 -1 4 0
5 LN -1 -1 -1 -1 4 0
6 IN 7 8 7 0.5 3 -1
7 LN -1 -1 -1 -1 4 0
8 LN -1 -1 -1 -1 4 0
9 IN 10 13 12 0.5 2 -1
10 IN 11 12 5 0.5 3 -1
11 LN -1 -1 -1 -1 4 0
12 LN -1 -1 -1 -1 4 0
13 IN 14 15 3 0.5 3 -1
14 LN -1 -1 -1 -1 4 0
15 LN -1 -1 -1 -1 4 0
16 IN 17 24 1 0.5 1 -1
17 IN 18 21 5 0.5 2 -1
18 IN 19 20 9 0.5 3 -1
19 LN -1 -1 -1 -1 4 0
20 LN -1 -1 -1 -1 4 0
21 IN 22 23 12 0.5 3 -1
22 LN -1 -1 -1 -1 4 0
23 LN -1 -1 -1 -1 4 0
24 IN 25 28 12 0.5 2 -1
25 IN 26 27 13 0.5 3 -1
26 LN -1 -1 -1 -1 4 1
27 LN -1 -1 -1 -1 4 1
28 IN 29 30 5 0.5 3 -1
29 LN -1 -1 -1 -1 4 0
30 LN -1 -1 -1 -1 4 1

[TREE 78]
NB_NODES: 31
0 IN 1 16 0 0.5 0 -1
1 IN 2 9 12 0.5 1 -1
2 IN 3 6 14 0.5 2 -1
3 IN 4 5 2 0.5 3 -1
4 LN -1 -1 -1 -1 4 0
5 LN -1 -1 -1 -1 4 0
6 IN 7 8 1 0.5 3 -1
7 LN -1 -1 -1 -1 4 0
8 LN -1 -1 -1 -1 4 0
9 IN 10 13 2 0.5 2 -1
10 IN 11 12 6 0.5 3 -1
11 LN -1 -1 -1 -1 4 0
12 LN -1 -1 -1 -1 4 0
13 IN 14 15 10 0.5 3 -1
14 LN -1 -1 -1 -1 4 0
15 LN -1 -1 -1 -1 4 1
16 IN 17 24 5 0.5 1 -1
17 IN 18 21 15 0.5 2 -1
18 IN 19 20 7 0.5 3 -1
19 LN -1 -1 -1 -1 4 0
20 LN -1 -1 -1 -1 4 1
21 IN 22 23 12 0.5 3 -1
22 LN -1 -1 -1 -1 4 0
23 LN -1 -1 -1 -1 4 1
24 IN 25 28 14 0.5 2 -1
25 IN 26 27 7 0.5 3 -1
26 LN -1 -1 -1 -1 4 0
27 LN -1 -1 -1 -1 4 1
28 IN 29 30 8 0.5 3 -1
29 LN -1 -1 -1 -1 4 1
30 LN -1 -1 -1 -1 4 1

[TREE 79]
NB_NODES: 31
0 IN 1 16 1 0.5 0 -1
1 IN 2 9 14 0.5 1 -1
2 IN 3 6 12 0.5 2 -1
3 IN 4 5 2 0.5 3 -1
4 LN -1 -1 -1 -1 4 0
5 LN -1 -1 -1 -1 4 0
6 IN 7 8 7 0.5 3 -1
7 LN -1 -1 -1 -1 4 0
8 LN -1 -1 -1 -1 4 0
9 IN 10 13 12 0.5 2 -1
10 IN 11 12 2 0.5 3 -1
11 LN -1 -1 -1 -1 4 0
12 LN -1 -1 -1 -1 4 0
13 IN 14 15 9 0.5 3 -1
14 LN -1 -1 -1 -1 4 0
15 LN -1 -1 -1 -1 4 0
16 IN 17 24 0 0.5 1 -1
17 IN 18 21 12 0.5 2 -1
18 IN 19 20 16 0.5 3 -1
19 LN -1 -1 -1 -1 4 0
20 LN -1 -1 -1 -1 4 1
21 IN 22 23 4 0.5 3 -1
22 LN -1 -1 -1 -1 4 1
23 LN -1 -1 -1 -1 4 1
24 IN 25 28 12 0.5 2 -1
25 IN 26 27 14 0.5 3 -1
26 LN -1 -1 -1 -1 4 0
27 LN -1 -1 -1 -1 4 1
28 IN 29 30 13 0.5 3 -1
29 LN -1 -1 -1 -1 4 1
30 LN -1 -1 -1 -1 4 1

[TREE 80]
NB_NODES: 31
0 IN 1 16 0 0.5 0 -1
1 IN 2 9 1 0.5 1 -1
2 IN 3 6 12 0.5 2 -1
3 IN 4 5 14 0.5 3 -1
4 LN -1 -1 -1 -1 4 0
5 LN -1 -1 -1 -1 4 0
6 IN 7 8 7 0.5 3 -1
7 LN -1 -1 -1 -1 4 0
8 LN -1 -1 -1 -1 4 0
9 IN 10 13 12 0.5 2 -1
10 IN 11 12 14 0.5 3 -1
11 LN -1 -1 -1 -1 4 0
12 LN -1 -1 -1 -1 4 0
13 IN 14 15 9 0.5 3 -1
14 LN -1 -1 -1 -1 4 0
15 LN -1 -1 -1 -1 4 1
16 IN 17 24 7 0.5 1 -1
17 IN 18 21 12 0.5 2 -1
18 IN 19 20 5 0.5 3 -1
19 LN -1 -1 -1 -1 4 0
20 LN -1 -1 -1 -1 4 0
21 IN 22 23 13 0.5 3 -1
22 LN -1 -1 -1 -1 4 1
23 LN -1 -1 -1 -1 4 1
24 IN 25 28 13 0.5 2 -1
25 IN 26 27 15 0.5 3 -1
26 LN -1 -1 -1 -1 4 1
27 LN -1 -1 -1 -1 4 1
28 IN 29 30 12 0.5 3 -1
29 LN -1 -1 -1 -1 4 1
30 LN -1 -1 -1 -1 4 1

[TREE 81]
NB_NODES: 31
0 IN 1 16 0 0.5 0 -1
1 IN 2 9 1 0.5 1 -1
2 IN 3 6 12 0.5 2 -1
3 IN 4 5 14 0.5 3 -1
4 LN -1 -1 -1 -1 4 0
5 LN -1 -1 -1 -1 4 0
6 IN 7 8 2 0.5 3 -1
7 LN -1 -1 -1 -1 4 0
8 LN -1 -1 -1 -1 4 0
9 IN 10 13 12 0.5 2 -1
10 IN 11 12 5 0.5 3 -1
11 LN -1 -1 -1 -1 4 0
12 LN -1 -1 -1 -1 4 0
13 IN 14 15 9 0.5 3 -1
14 LN -1 -1 -1 -1 4 0
15 LN -1 -1 -1 -1 4 1
16 IN 17 24 12 0.5 1 -1
17 IN 18 21 14 0.5 2 -1
18 IN 19 20 7 0.5 3 -1
19 LN -1 -1 -1 -1 4 0
20 LN -1 -1 -1 -1 4 1
21 IN 22 23 5 0.5 3 -1
22 LN -1 -1 -1 -1 4 0
23 LN -1 -1 -1 -1 4 1
24 IN 25 28 3 0.5 2 -1
25 IN 26 27 13 0.5 3 -1
26 LN -1 -1 -1 -1 4 1
27 LN -1 -1 -1 -1 4 1
28 IN 29 30 16 0.5 3 -1
29 LN -1 -1 -1 -1 4 1
30 LN -1 -1 -1 -1 4 1

[TREE 82]
NB_NODES: 31
0 IN 1 16 1 0.5 0 -1
1 IN 2 9 12 0.5 1 -1
2 IN 3 6 2 0.5 2 -1
3 IN 4 5 14 0.5 3 -1
4 LN -1 -1 -1 -1 4 0
5 LN -1 -1 -1 -1 4 0
6 IN 7 8 14 0.5 3 -1
7 LN -1 -1 -1 -1 4 0
8 LN -1 -1 -1 -1 4 0
9 IN 10 13 7 0.5 2 -1
10 IN 11 12 16 0.5 3 -1
11 LN -1 -1 -1 -1 4 0
12 LN -1 -1 -1 -1 4 1
13 IN 14 15 9 0.5 3 -1
14 LN -1 -1 -1 -1 4 0
15 LN -1 -1 -1 -1 4 0
16 IN 17 24 0 0.5 1 -1
17 IN 18 21 12 0.5 2 -1
18 IN 19 20 14 0.5 3 -1
19 LN -1 -1 -1 -1 4 0
20 LN -1 -1 -1 -1 4 0
21 IN 22 23 11 0.5 3 -1
22 LN -1 -1 -1 -1 4 0
23 LN -1 -1 -1 -1 4 1
24 IN 25 28 12 0.5 2 -1
25 IN 26 27 7 0.5 3 -1
26 LN -1 -1 -1 -1 4 1
27 LN -1 -1 -1 -1 4 1
28 IN 29 30 16 0.5 3 -1
29 LN -1 -1 -1 -1 4 1
30 LN -1 -1 -1 -1 4 1

[TREE 83]
NB_NODES: 31
0 IN 1 16 14 0.5 0 -1
1 IN 2 9 2 0.5 1 -1
2 IN 3 6 12 0.5 2 -1
3 IN 4 5 10 0.5 3 -1
4 LN -1 -1 -1 -1 4 0
5 LN -1 -1 -1 -1 4 0
6 IN 7 8 15 0.5 3 -1
7 LN -1 -1 -1 -1 4 0
8 LN -1 -1 -1 -1 4 0
9 IN 10 13 1 0.5 2 -1
10 IN 11 12 12 0.5 3 -1
11 LN -1 -1 -1 -1 4 0
12 LN -1 -1 -1 -1 4 0
13 IN 14 15 12 0.5 3 -1
14 LN -1 -1 -1 -1 4 0
15 LN -1 -1 -1 -1 4 1
16 IN 17 24 0 0.5 1 -1
17 IN 18 21 12 0.5 2 -1
18 IN 19 20 1 0.5 3 -1
19 LN -1 -1 -1 -1 4 0
20 LN -1 -1 -1 -1 4 0
21 IN 22 23 1 0.5 3 -1
22 LN -1 -1 -1 -1 4 0
23 LN -1 -1 -1 -1 4 1
24 IN 25 28 7 0.5 2 -1
25 IN 26 27 12 0.5 3 -1
26 LN -1 -1 -1 -1 4 0
27 LN -1 -1 -1 -1 4 1
28 IN 29 30 12 0.5 3 -1
29 LN -1 -1 -1 -1 4 1
30 LN -1 -1 -1 -1 4 1

[TREE 84]
NB_NODES: 31
0 IN 1 16 1 0.5 0 -1
1 IN 2 9 12 0.5 1 -1
2 IN 3 6 5 0.5 2 -1
3 IN 4 5 13 0.5 3 -1
4 LN -1 -1 -1 -1 4 0
5 LN -1 -1 -1 -1 4 0
6 IN 7 8 2 0.5 3 -1
7 LN -1 -1 -1 -1 4 0
8 LN -1 -1 -1 -1 4 0
9 IN 10 13 16 0.5 2 -1
10 IN 11 12 5 0.5 3 -1
11 LN -1 -1 -1 -1 4 0
12 LN -1 -1 -1 -1 4 0
13 IN 14 15 3 0.5 3 -1
14 LN -1 -1 -1 -1 4 1
15 LN -1 -1 -1 -1 4 1
16 IN 17 24 0 0.5 1 -1
17 IN 18 21 10 0.5 2 -1
18 IN 19 20 12 0.5 3 -1
19 LN -1 -1 -1 -1 4 0
20 LN -1 -1 -1 -1 4 1
21 IN 22 23 3 0.5 3 -1
22 LN -1 -1 -1 -1 4 1
23 LN -1 -1 -1 -1 4 1
24 IN 25 28 12 0.5 2 -1
25 IN 26 27 7 0.5 3 -1
26 LN -1 -1 -1 -1 4 1
27 LN -1 -1 -1 -1 4 1
28 IN 29 30 15 0.5 3 -1
29 LN -1 -1 -1 -1 4 1
30 LN -1 -1 -1 -1 4 1

[TREE 85]
NB_NODES: 31
0 IN 1 16 0 0.5 0 -1
1 IN 2 9 12 0.5 1 -1
2 IN 3 6 1 0.5 2 -1
3 IN 4 5 4 0.5 3 -1
4 LN -1 -1 -1 -1 4 0
5 LN -1 -1 -1 -1 4 0
6 IN 7 8 7 0.5 3 -1
7 LN -1 -1 -1 -1 4 0
8 LN -1 -1 -1 -1 4 0
9 IN 10 13 1 0.5 2 -1
10 IN 11 12 2 0.5 3 -1
11 LN -1 -1 -1 -1 4 0
12 LN -1 -1 -1 -1 4 0
13 IN 14 15 3 0.5 3 -1
14 LN -1 -1 -1 -1 4 1
15 LN -1 -1 -1 -1 4 1
16 IN 17 24 14 0.5 1 -1
17 IN 18 21 12 0.5 2 -1
18 IN 19 20 15 0.5 3 -1
19 LN -1 -1 -1 -1 4 0
20 LN -1 -1 -1 -1 4 1
21 IN 22 23 15 0.5 3 -1
22 LN -1 -1 -1 -1 4 0
23 LN -1 -1 -1 -1 4 1
24 IN 25 28 5 0.5 2 -1
25 IN 26 27 7 0.5 3 -1
26 LN -1 -1 -1 -1 4 0
27 LN -1 -1 -1 -1 4 1
28 IN 29 30 8 0.5 3 -1
29 LN -1 -1 -1 -1 4 1
30 LN -1 -1 -1 -1 4 1

[TREE 86]
NB_NODES: 31
0 IN 1 16 2 0.5 0 -1
1 IN 2 9 12 0.5 1 -1
2 IN 3 6 16 0.5 2 -1
3 IN 4 5 8 0.5 3 -1
4 LN -1 -1 -1 -1 4 0
5 LN -1 -1 -1 -1 4 0
6 IN 7 8 9 0.5 3 -1
7 LN -1 -1 -1 -1 4 0
8 LN -1 -1 -1 -1 4 0
9 IN 10 13 3 0.5 2 -1
10 IN 11 12 9 0.5 3 -1
11 LN -1 -1 -1 -1 4 0
12 LN -1 -1 -1 -1 4 0
13 IN 14 15 10 0.5 3 -1
14 LN -1 -1 -1 -1 4 0
15 LN -1 -1 -1 -1 4 0
16 IN 17 24 0 0.5 1 -1
17 IN 18 21 5 0.5 2 -1
18 IN 19 20 16 0.5 3 -1
19 LN -1 -1 -1 -1 4 0
20 LN -1 -1 -1 -1 4 0
21 IN 22 23 14 0.5 3 -1
22 LN -1 -1 -1 -1 4 0
23 LN -1 -1 -1 -1 4 0
24 IN 25 28 12 0.5 2 -1
25 IN 26 27 7 0.5 3 -1
26 LN -1 -1 -1 -1 4 1
27 LN -1 -1 -1 -1 4 1
28 IN 29 30 15 0.5 3 -1
29 LN -1 -1 -1 -1 4 1
30 LN -1 -1 -1 -1 4 1

[TREE 87]
NB_NODES: 31
0 IN 1 16 1 0.5 0 -1
1 IN 2 9 2 0.5 1 -1
2 IN 3 6 4 0.5 2 -1
3 IN 4 5 16 0.5 3 -1
4 LN -1 -1 -1 -1 4 0
5 LN -1 -1 -1 -1 4 0
6 IN 7 8 9 0.5 3 -1
7 LN -1 -1 -1 -1 4 0
8 LN -1 -1 -1 -1 4 0
9 IN 10 13 14 0.5 2 -1
10 IN 11 12 6 0.5 3 -1
11 LN -1 -1 -1 -1 4 0
12 LN -1 -1 -1 -1 4 0
13 IN 14 15 12 0.5 3 -1
14 LN -1 -1 -1 -1 4 0
15 LN -1 -1 -1 -1 4 0
16 IN 17 24 14 0.5 1 -1
17 IN 18 21 12 0.5 2 -1
18 IN 19 20 7 0.5 3 -1
19 LN -1 -1 -1 -1 4 0
20 LN -1 -1 -1 -1 4 0
21 IN 22 23 9 0.5 3 -1
22 LN -1 -1 -1 -1 4 0
23 LN -1 -1 -1 -1 4 1
24 IN 25 28 0 0.5 2 -1
25 IN 26 27 12 0.5 3 -1
26 LN -1 -1 -1 -1 4 0
27 LN -1 -1 -1 -1 4 1
28 IN 29 30 5 0.5 3 -1
29 LN -1 -1 -1 -1 4 1
30 LN -1 -1 -1 -1 4 1

[TREE 88]
NB_NODES: 31
0 IN 1 16 2 0.5 0 -1
1 IN 2 9 12 0.5 1 -1
2 IN 3 6 10 0.5 2 -1
3 IN 4 5 14 0.5 3 -1
4 LN -1 -1 -1 -1 4 0
5 LN -1 -1 -1 -1 4 0
6 IN 7 8 3 0.5 3 -1
7 LN -1 -1 -1 -1 4 0
8 LN -1 -1 -1 -1 4 0
9 IN 10 13 16 0.5 2 -1
10 IN 11 12 7 0.5 3 -1
11 LN -1 -1 -1 -1 4 0
12 LN -1 -1 -1 -1 4 0
13 IN 14 15 9 0.5 3 -1
14 LN -1 -1 -1 -1 4 0
15 LN -1 -1 -1 -1 4 1
16 IN 17 24 14 0.5 1 -1
17 IN 18 21 1 0.5 2 -1
18 IN 19 20 4 0.5 3 -1
19 LN -1 -1 -1 -1 4 0
20 LN -1 -1 -1 -1 4 0
21 IN 22 23 12 0.5 3 -1
22 LN -1 -1 -1 -1 4 0
23 LN -1 -1 -1 -1 4 1
24 IN 25 28 1 0.5 2 -1
25 IN 26 27 12 0.5 3 -1
26 LN -1 -1 -1 -1 4 0
27 LN -1 -1 -1 -1 4 1
28 IN 29 30 12 0.5 3 -1
29 LN -1 -1 -1 -1 4 1
30 LN -1 -1 -1 -1 4 1

[TREE 89]
NB_NODES: 31
0 IN 1 16 0 0.5 0 -1
1 IN 2 9 2 0.5 1 -1
2 IN 3 6 12 0.5 2 -1
3 IN 4 5 4 0.5 3 -1
4 LN -1 -1 -1 -1 4 0
5 LN -1 -1 -1 -1 4 0
6 IN 7 8 7 0.5 3 -1
7 LN -1 -1 -1 -1 4 0
8 LN -1 -1 -1 -1 4 0
9 IN 10 13 12 0.5 2 -1
10 IN 11 12 1 0.5 3 -1
11 LN -1 -1 -1 -1 4 0
12 LN -1 -1 -1 -1 4 0
13 IN 14 15 6 0.5 3 -1
14 LN -1 -1 -1 -1 4 1
15 LN -1 -1 -1 -1 4 1
16 IN 17 24 12 0.5 1 -1
17 IN 18 21 7 0.5 2 -1
18 IN 19 20 4 0.5 3 -1
19 LN -1 -1 -1 -1 4 0
20 LN -1 -1 -1 -1 4 1
21 IN 22 23 5 0.5 3 -1
22 LN -1 -1 -1 -1 4 0
23 LN -1 -1 -1 -1 4 1
24 IN 25 28 15 0.5 2 -1
25 IN 26 27 8 0.5 3 -1
26 LN -1 -1 -1 -1 4 0
27 LN -1 -1 -1 -1 4 1
28 IN 29 30 4 0.5 3 -1
29 LN -1 -1 -1 -1 4 1
30 LN -1 -1 -1 -1 4 1

[TREE 90]
NB_NODES: 31
0 IN 1 16 1 0.5 0 -1
1 IN 2 9 14 0.5 1 -1
2 IN 3 6 12 0.5 2 -1
3 IN 4 5 4 0.5 3 -1
4 LN -1 -1 -1 -1 4 0
5 LN -1 -1 -1 -1 4 0
6 IN 7 8 7 0.5 3 -1
7 LN -1 -1 -1 -1 4 0
8 LN -1 -1 -1 -1 4 0
9 IN 10 13 12 0.5 2 -1
10 IN 11 12 16 0.5 3 -1
11 LN -1 -1 -1 -1 4 0
12 LN -1 -1 -1 -1 4 0
13 IN 14 15 15 0.5 3 -1
14 LN -1 -1 -1 -1 4 0
15 LN -1 -1 -1 -1 4 0
16 IN 17 24 5 0.5 1 -1
17 IN 18 21 12 0.5 2 -1
18 IN 19 20 6 0.5 3 -1
19 LN -1 -1 -1 -1 4 0
20 LN -1 -1 -1 -1 4 1
21 IN 22 23 14 0.5 3 -1
22 LN -1 -1 -1 -1 4 0
23 LN -1 -1 -1 -1 4 1
24 IN 25 28 12 0.5 2 -1
25 IN 26 27 8 0.5 3 -1
26 LN -1 -1 -1 -1 4 0
27 LN -1 -1 -1 -1 4 1
28 IN 29 30 9 0.5 3 -1
29 LN -1 -1 -1 -1 4 0
30 LN -1 -1 -1 -1 4 1

[TREE 91]
NB_NODES: 31
0 IN 1 16 14 0.5 0 -1
1 IN 2 9 12 0.5 1 -1
2 IN 3 6 1 0.5 2 -1
3 IN 4 5 10 0.5 3 -1
4 LN -1 -1 -1 -1 4 0
5 LN -1 -1 -1 -1 4 0
6 IN 7 8 16 0.5 3 -1
7 LN -1 -1 -1 -1 4 0
8 LN -1 -1 -1 -1 4 1
9 IN 10 13 1 0.5 2 -1
10 IN 11 12 7 0.5 3 -1
11 LN -1 -1 -1 -1 4 0
12 LN -1 -1 -1 -1 4 0
13 IN 14 15 16 0.5 3 -1
14 LN -1 -1 -1 -1 4 1
15 LN -1 -1 -1 -1 4 1
16 IN 17 24 0 0.5 1 -1
17 IN 18 21 12 0.5 2 -1
18 IN 19 20 2 0.5 3 -1
19 LN -1 -1 -1 -1 4 0
20 LN -1 -1 -1 -1 4 0
21 IN 22 23 5 0.5 3 -1
22 LN -1 -1 -1 -1 4 0
23 LN -1 -1 -1 -1 4 1
24 IN 25 28 4 0.5 2 -1
25 IN 26 27 12 0.5 3 -1
26 LN -1 -1 -1 -1 4 1
27 LN -1 -1 -1 -1 4 1
28 IN 29 30 8 0.5 3 -1
29 LN -1 -1 -1 -1 4 1
30 LN -1 -1 -1 -1 4 1

[TREE 92]
NB_NODES: 31
0 IN 1 16 0 0.5 0 -1
1 IN 2 9 12 0.5 1 -1
2 IN 3 6 14 0.5 2 -1
3 IN 4 5 1 0.5 3 -1
4 LN -1 -1 -1 -1 4 0
5 LN -1 -1 -1 -1 4 0
6 IN 7 8 4 0.5 3 -1
7 LN -1 -1 -1 -1 4 0
8 LN -1 -1 -1 -1 4 0
9 IN 10 13 1 0.5 2 -1
10 IN 11 12 14 0.5 3 -1
11 LN -1 -1 -1 -1 4 0
12 LN -1 -1 -1 -1 4 0
13 IN 14 15 5 0.5 3 -1
14 LN -1 -1 -1 -1 4 0
15 LN -1 -1 -1 -1 4 1
16 IN 17 24 4 0.5 1 -1
17 IN 18 21 5 0.5 2 -1
18 IN 19 20 14 0.5 3 -1
19 LN -1 -1 -1 -1 4 0
20 LN -1 -1 -1 -1 4 0
21 IN 22 23 12 0.5 3 -1
22 LN -1 -1 -1 -1 4 1
23 LN -1 -1 -1 -1 4 1
24 IN 25 28 12 0.5 2 -1
25 IN 26 27 9 0.5 3 -1
26 LN -1 -1 -1 -1 4 0
27 LN -1 -1 -1 -1 4 1
28 IN 29 30 14 0.5 3 -1
29 LN -1 -1 -1 -1 4 1
30 LN -1 -1 -1 -1 4 1

[TREE 93]
NB_NODES: 31
0 IN 1 16 0 0.5 0 -1
1 IN 2 9 12 0.5 1 -1
2 IN 3 6 14 0.5 2 -1
3 IN 4 5 6 0.5 3 -1
4 LN -1 -1 -1 -1 4 0
5 LN -1 -1 -1 -1 4 0
6 IN 7 8 9 0.5 3 -1
7 LN -1 -1 -1 -1 4 0
8 LN -1 -1 -1 -1 4 0
9 IN 10 13 1 0.5 2 -1
10 IN 11 12 2 0.5 3 -1
11 LN -1 -1 -1 -1 4 0
12 LN -1 -1 -1 -1 4 0
13 IN 14 15 3 0.5 3 -1
14 LN -1 -1 -1 -1 4 1
15 LN -1 -1 -1 -1 4 1
16 IN 17 24 12 0.5 1 -1
17 IN 18 21 5 0.5 2 -1
18 IN 19 20 13 0.5 3 -1
19 LN -1 -1 -1 -1 4 0
20 LN -1 -1 -1 -1 4 0
21 IN 22 23 14 0.5 3 -1
22 LN -1 -1 -1 -1 4 0
23 LN -1 -1 -1 -1 4 1
24 IN 25 28 10 0.5 2 -1
25 IN 26 27 4 0.5 3 -1
26 LN -1 -1 -1 -1 4 1
27 LN -1 -1 -1 -1 4 1
28 IN 29 30 13 0.5 3 -1
29 LN -1 -1 -1 -1 4 1
30 LN -1 -1 -1 -1 4 1

[TREE 94]
NB_NODES: 31
0 IN 1 16 1 0.5 0 -1
1 IN 2 9 2 0.5 1 -1
2 IN 3 6 3 0.5 2 -1
3 IN 4 5 4 0.5 3 -1
4 LN -1 -1 -1 -1 4 0
5 LN -1 -1 -1 -1 4 0
6 IN 7 8 15 0.5 3 -1
7 LN -1 -1 -1 -1 4 0
8 LN -1 -1 -1 -1 4 0
9 IN 10 13 12 0.5 2 -1
10 IN 11 12 14 0.5 3 -1
11 LN -1 -1 -1 -1 4 0
12 LN -1 -1 -1 -1 4 0
13 IN 14 15 13 0.5 3 -1
14 LN -1 -1 -1 -1 4 0
15 LN -1 -1 -1 -1 4 1
16 IN 17 24 13 0.5 1 -1
17 IN 18 21 12 0.5 2 -1
18 IN 19 20 5 0.5 3 -1
19 LN -1 -1 -1 -1 4 0
20 LN -1 -1 -1 -1 4 1
21 IN 22 23 3 0.5 3 -1
22 LN -1 -1 -1 -1 4 1
23 LN -1 -1 -1 -1 4 1
24 IN 25 28 0 0.5 2 -1
25 IN 26 27 5 0.5 3 -1
26 LN -1 -1 -1 -1 4 0
27 LN -1 -1 -1 -1 4 1
28 IN 29 30 15 0.5 3 -1
29 LN -1 -1 -1 -1 4 1
30 LN -1 -1 -1 -1 4 1

[TREE 95]
NB_NODES: 31
0 IN 1 16 2 0.5 0 -1
1 IN 2 9 10 0.5 1 -1
2 IN 3 6 12 0.5 2 -1
3 IN 4 5 8 0.5 3 -1
4 LN -1 -1 -1 -1 4 0
5 LN -1 -1 -1 -1 4 0
6 IN 7 8 13 0.5 3 -1
7 LN -1 -1 -1 -1 4 0
8 LN -1 -1 -1 -1 4 1
9 IN 10 13 12 0.5 2 -1
10 IN 11 12 5 0.5 3 -1
11 LN -1 -1 -1 -1 4 0
12 LN -1 -1 -1 -1 4 0
13 IN 14 15 4 0.5 3 -1
14 LN -1 -1 -1 -1 4 0
15 LN -1 -1 -1 -1 4 0
16 IN 17 24 0 0.5 1 -1
17 IN 18 21 1 0.5 2 -1
18 IN 19 20 14 0.5 3 -1
19 LN -1 -1 -1 -1 4 0
20 LN -1 -1 -1 -1 4 0
21 IN 22 23 3 0.5 3 -1
22 LN -1 -1 -1 -1 4 0
23 LN -1 -1 -1 -1 4 1
24 IN 25 28 5 0.5 2 -1
25 IN 26 27 7 0.5 3 -1
26 LN -1 -1 -1 -1 4 0
27 LN -1 -1 -1 -1 4 1
28 IN 29 30 14 0.5 3 -1
29 LN -1 -1 -1 -1 4 1
30 LN -1 -1 -1 -1 4 1

[TREE 96]
NB_NODES: 31
0 IN 1 16 1 0.5 0 -1
1 IN 2 9 12 0.5 1 -1
2 IN 3 6 2 0.5 2 -1
3 IN 4 5 10 0.5 3 -1
4 LN -1 -1 -1 -1 4 0
5 LN -1 -1 -1 -1 4 0
6 IN 7 8 13 0.5 3 -1
7 LN -1 -1 -1 -1 4 0
8 LN -1 -1 -1 -1 4 0
9 IN 10 13 2 0.5 2 -1
10 IN 11 12 10 0.5 3 -1
11 LN -1 -1 -1 -1 4 0
12 LN -1 -1 -1 -1 4 0
13 IN 14 15 16 0.5 3 -1
14 LN -1 -1 -1 -1 4 0
15 LN -1 -1 -1 -1 4 1
16 IN 17 24 12 0.5 1 -1
17 IN 18 21 5 0.5 2 -1
18 IN 19 20 15 0.5 3 -1
19 LN -1 -1 -1 -1 4 0
20 LN -1 -1 -1 -1 4 0
21 IN 22 23 15 0.5 3 -1
22 LN -1 -1 -1 -1 4 0
23 LN -1 -1 -1 -1 4 1
24 IN 25 28 0 0.5 2 -1
25 IN 26 27 3 0.5 3 -1
26 LN -1 -1 -1 -1 4 1
27 LN -1 -1 -1 -1 4 1
28 IN 29 30 14 0.5 3 -1
29 LN -1 -1 -1 -1 4 1
30 LN -1 -1 -1 -1 4 1

[TREE 97]
NB_NODES: 31
0 IN 1 16 0 0.5 0 -1
1 IN 2 9 2 0.5 1 -1
2 IN 3 6 4 0.5 2 -1
3 IN 4 5 12 0.5 3 -1
4 LN -1 -1 -1 -1 4 0
5 LN -1 -1 -1 -1 4 0
6 IN 7 8 9 0.5 3 -1
7 LN -1 -1 -1 -1 4 0
8 LN -1 -1 -1 -1 4 0
9 IN 10 13 14 0.5 2 -1
10 IN 11 12 4 0.5 3 -1
11 LN -1 -1 -1 -1 4 0
12 LN -1 -1 -1 -1 4 0
13 IN 14 15 3 0.5 3 -1
14 LN -1 -1 -1 -1 4 0
15 LN -1 -1 -1 -1 4 1
16 IN 17 24 7 0.5 1 -1
17 IN 18 21 5 0.5 2 -1
18 IN 19 20 12 0.5 3 -1
19 LN -1 -1 -1 -1 4 0
20 LN -1 -1 -1 -1 4 1
21 IN 22 23 3 0.5 3 -1
22 LN -1 -1 -1 -1 4 1
23 LN -1 -1 -1 -1 4 1
24 IN 25 28 4 0.5 2 -1
25 IN 26 27 12 0.5 3 -1
26 LN -1 -1 -1 -1 4 1
27 LN -1 -1 -1 -1 4 1
28 IN 29 30 12 0.5 3 -1
29 LN -1 -1 -1 -1 4 1
30 LN -1 -1 -1 -1 4 1

[TREE 98]
NB_NODES: 31
0 IN 1 16 0 0.5 0 -1
1 IN 2 9 2 0.5 1 -1
2 IN 3 6 10 0.5 2 -1
3 IN 4 5 12 0.5 3 -1
4 LN -1 -1 -1 -1 4 0
5 LN -1 -1 -1 -1 4 0
6 IN 7 8 12 0.5 3 -1
7 LN -1 -1 -1 -1 4 0
8 LN -1 -1 -1 -1 4 0
9 IN 10 13 12 0.5 2 -1
10 IN 11 12 14 0.5 3 -1
11 LN -1 -1 -1 -1 4 0
12 LN -1 -1 -1 -1 4 0
13 IN 14 15 6 0.5 3 -1
14 LN -1 -1 -1 -1 4 1
15 LN -1 -1 -1 -1 4 1
16 IN 17 24 12 0.5 1 -1
17 IN 18 21 7 0.5 2 -1
18 IN 19 20 5 0.5 3 -1
19 LN -1 -1 -1 -1 4 0
20 LN -1 -1 -1 -1 4 1
21 IN 22 23 13 0.5 3 -1
22 LN -1 -1 -1 -1 4 1
23 LN -1 -1 -1 -1 4 1
24 IN 25 28 3 0.5 2 -1
25 IN 26 27 7 0.5 3 -1
26 LN -1 -1 -1 -1 4 1
27 LN -1 -1 -1 -1 4 1
28 IN 29 30 8 0.5 3 -1
29 LN -1 -1 -1 -1 4 1
30 LN -1 -1 -1 -1 4 1

[TREE 99]
NB_NODES: 31
0 IN 1 16 1 0.5 0 -1
1 IN 2 9 2 0.5 1 -1
2 IN 3 6 16 0.5 2 -1
3 IN 4 5 4 0.5 3 -1
4 LN -1 -1 -1 -1 4 0
5 LN -1 -1 -1 -1 4 0
6 IN 7 8 12 0.5 3 -1
7 LN -1 -1 -1 -1 4 0
8 LN -1 -1 -1 -1 4 1
9 IN 10 13 4 0.5 2 -1
10 IN 11 12 10 0.5 3 -1
11 LN -1 -1 -1 -1 4 0
12 LN -1 -1 -1 -1 4 0
13 IN 14 15 12 0.5 3 -1
14 LN -1 -1 -1 -1 4 0
15 LN -1 -1 -1 -1 4 0
16 IN 17 24 0 0.5 1 -1
17 IN 18 21 12 0.5 2 -1
18 IN 19 20 3 0.5 3 -1
19 LN -1 -1 -1 -1 4 0
20 LN -1 -1 -1 -1 4 1
21 IN 22 23 3 0.5 3 -1
22 LN -1 -1 -1 -1 4 1
23 LN -1 -1 -1 -1 4 1
24 IN 25 28 14 0.5 2 -1
25 IN 26 27 12 0.5 3 -1
26 LN -1 -1 -1 -1 4 0
27 LN -1 -1 -1 -1 4 1
28 IN 29 30 12 0.5 3 -1
29 LN -1 -1 -1 -1 4 1
30 LN -1 -1 -1 -1 4 1

