DATASET_NAME: Accelerometer.train3.csv
ENSEMBLE: RF
NB_TREES: 100
NB_FEATURES: 4
NB_CLASSES: 3
MAX_TREE_DEPTH: 4
Format: node / node type (LN - leave node, IN - internal node) left child / right child / feature / threshold / node_depth / majority class (starts with index 0)

[FEATURES] 
pctid : F 
x : F 
y : F 
z : F 

[TREE 0]
NB_NODES: 31
0 IN 1 16 3 1.5 0 -1
1 IN 2 9 0 7.5 1 -1
2 IN 3 6 0 3.5 2 -1
3 IN 4 5 2 2.5 3 -1
4 LN -1 -1 -1 -1 4 0
5 LN -1 -1 -1 -1 4 0
6 IN 7 8 1 8.5 3 -1
7 LN -1 -1 -1 -1 4 1
8 LN -1 -1 -1 -1 4 0
9 IN 10 13 1 8.5 2 -1
10 IN 11 12 2 1.5 3 -1
11 LN -1 -1 -1 -1 4 1
12 LN -1 -1 -1 -1 4 2
13 IN 14 15 3 0.5 3 -1
14 LN -1 -1 -1 -1 4 0
15 LN -1 -1 -1 -1 4 0
16 IN 17 24 2 0.5 1 -1
17 IN 18 21 3 6.5 2 -1
18 IN 19 20 3 3.5 3 -1
19 LN -1 -1 -1 -1 4 0
20 LN -1 -1 -1 -1 4 1
21 IN 22 23 0 4.5 3 -1
22 LN -1 -1 -1 -1 4 0
23 LN -1 -1 -1 -1 4 1
24 IN 25 28 3 7.5 2 -1
25 IN 26 27 0 4.5 3 -1
26 LN -1 -1 -1 -1 4 2
27 LN -1 -1 -1 -1 4 2
28 IN 29 30 2 6.5 3 -1
29 LN -1 -1 -1 -1 4 1
30 LN -1 -1 -1 -1 4 1

[TREE 1]
NB_NODES: 31
0 IN 1 16 2 7.5 0 -1
1 IN 2 9 2 1.5 1 -1
2 IN 3 6 2 0.5 2 -1
3 IN 4 5 3 7.5 3 -1
4 LN -1 -1 -1 -1 4 0
5 LN -1 -1 -1 -1 4 0
6 IN 7 8 0 7.5 3 -1
7 LN -1 -1 -1 -1 4 1
8 LN -1 -1 -1 -1 4 2
9 IN 10 13 0 4.5 2 -1
10 IN 11 12 0 3.5 3 -1
11 LN -1 -1 -1 -1 4 2
12 LN -1 -1 -1 -1 4 2
13 IN 14 15 3 0.5 3 -1
14 LN -1 -1 -1 -1 4 1
15 LN -1 -1 -1 -1 4 2
16 IN 17 24 0 7.5 1 -1
17 IN 18 21 1 1.5 2 -1
18 IN 19 20 3 0.5 3 -1
19 LN -1 -1 -1 -1 4 0
20 LN -1 -1 -1 -1 4 0
21 IN 22 23 3 2.5 3 -1
22 LN -1 -1 -1 -1 4 0
23 LN -1 -1 -1 -1 4 1
24 IN 25 28 1 8.5 2 -1
25 IN 26 27 2 8.5 3 -1
26 LN -1 -1 -1 -1 4 2
27 LN -1 -1 -1 -1 4 0
28 IN 29 30 2 8.5 3 -1
29 LN -1 -1 -1 -1 4 1
30 LN -1 -1 -1 -1 4 0

[TREE 2]
NB_NODES: 31
0 IN 1 16 2 7.5 0 -1
1 IN 2 9 1 0.5 1 -1
2 IN 3 6 3 5.5 2 -1
3 IN 4 5 0 6.5 3 -1
4 LN -1 -1 -1 -1 4 1
5 LN -1 -1 -1 -1 4 0
6 IN 7 8 0 6.5 3 -1
7 LN -1 -1 -1 -1 4 0
8 LN -1 -1 -1 -1 4 0
9 IN 10 13 2 1.5 2 -1
10 IN 11 12 0 3.5 3 -1
11 LN -1 -1 -1 -1 4 0
12 LN -1 -1 -1 -1 4 1
13 IN 14 15 1 8.5 3 -1
14 LN -1 -1 -1 -1 4 2
15 LN -1 -1 -1 -1 4 0
16 IN 17 24 2 8.5 1 -1
17 IN 18 21 0 7.5 2 -1
18 IN 19 20 3 2.5 3 -1
19 LN -1 -1 -1 -1 4 0
20 LN -1 -1 -1 -1 4 1
21 IN 22 23 3 0.5 3 -1
22 LN -1 -1 -1 -1 4 1
23 LN -1 -1 -1 -1 4 2
24 IN 25 28 0 5.5 2 -1
25 IN 26 27 1 7.5 3 -1
26 LN -1 -1 -1 -1 4 0
27 LN -1 -1 -1 -1 4 0
28 IN 29 30 3 0.5 3 -1
29 LN -1 -1 -1 -1 4 0
30 LN -1 -1 -1 -1 4 1

[TREE 3]
NB_NODES: 31
0 IN 1 16 2 7.5 0 -1
1 IN 2 9 1 0.5 1 -1
2 IN 3 6 3 6.5 2 -1
3 IN 4 5 0 6.5 3 -1
4 LN -1 -1 -1 -1 4 1
5 LN -1 -1 -1 -1 4 0
6 IN 7 8 0 5.5 3 -1
7 LN -1 -1 -1 -1 4 0
8 LN -1 -1 -1 -1 4 0
9 IN 10 13 2 1.5 2 -1
10 IN 11 12 1 8.5 3 -1
11 LN -1 -1 -1 -1 4 1
12 LN -1 -1 -1 -1 4 0
13 IN 14 15 0 4.5 3 -1
14 LN -1 -1 -1 -1 4 2
15 LN -1 -1 -1 -1 4 2
16 IN 17 24 2 8.5 1 -1
17 IN 18 21 0 7.5 2 -1
18 IN 19 20 3 2.5 3 -1
19 LN -1 -1 -1 -1 4 0
20 LN -1 -1 -1 -1 4 1
21 IN 22 23 1 8.5 3 -1
22 LN -1 -1 -1 -1 4 2
23 LN -1 -1 -1 -1 4 1
24 IN 25 28 3 0.5 2 -1
25 IN 26 27 0 7.5 3 -1
26 LN -1 -1 -1 -1 4 0
27 LN -1 -1 -1 -1 4 0
28 IN 29 30 3 8.5 3 -1
29 LN -1 -1 -1 -1 4 1
30 LN -1 -1 -1 -1 4 0

[TREE 4]
NB_NODES: 31
0 IN 1 16 3 1.5 0 -1
1 IN 2 9 1 8.5 1 -1
2 IN 3 6 1 0.5 2 -1
3 IN 4 5 0 5.5 3 -1
4 LN -1 -1 -1 -1 4 1
5 LN -1 -1 -1 -1 4 0
6 IN 7 8 3 0.5 3 -1
7 LN -1 -1 -1 -1 4 1
8 LN -1 -1 -1 -1 4 0
9 IN 10 13 2 8.5 2 -1
10 IN 11 12 2 7.5 3 -1
11 LN -1 -1 -1 -1 4 0
12 LN -1 -1 -1 -1 4 1
13 IN 14 15 3 0.5 3 -1
14 LN -1 -1 -1 -1 4 0
15 LN -1 -1 -1 -1 4 0
16 IN 17 24 2 7.5 1 -1
17 IN 18 21 2 0.5 2 -1
18 IN 19 20 3 7.5 3 -1
19 LN -1 -1 -1 -1 4 0
20 LN -1 -1 -1 -1 4 0
21 IN 22 23 0 4.5 3 -1
22 LN -1 -1 -1 -1 4 2
23 LN -1 -1 -1 -1 4 2
24 IN 25 28 2 8.5 2 -1
25 IN 26 27 3 7.5 3 -1
26 LN -1 -1 -1 -1 4 1
27 LN -1 -1 -1 -1 4 1
28 IN 29 30 3 8.5 3 -1
29 LN -1 -1 -1 -1 4 1
30 LN -1 -1 -1 -1 4 0

[TREE 5]
NB_NODES: 31
0 IN 1 16 2 7.5 0 -1
1 IN 2 9 2 1.5 1 -1
2 IN 3 6 0 3.5 2 -1
3 IN 4 5 0 1.5 3 -1
4 LN -1 -1 -1 -1 4 0
5 LN -1 -1 -1 -1 4 0
6 IN 7 8 1 0.5 3 -1
7 LN -1 -1 -1 -1 4 0
8 LN -1 -1 -1 -1 4 1
9 IN 10 13 3 0.5 2 -1
10 IN 11 12 1 5.5 3 -1
11 LN -1 -1 -1 -1 4 1
12 LN -1 -1 -1 -1 4 0
13 IN 14 15 0 4.5 3 -1
14 LN -1 -1 -1 -1 4 2
15 LN -1 -1 -1 -1 4 2
16 IN 17 24 0 7.5 1 -1
17 IN 18 21 0 1.5 2 -1
18 IN 19 20 3 5.5 3 -1
19 LN -1 -1 -1 -1 4 0
20 LN -1 -1 -1 -1 4 2
21 IN 22 23 3 2.5 3 -1
22 LN -1 -1 -1 -1 4 0
23 LN -1 -1 -1 -1 4 1
24 IN 25 28 3 0.5 2 -1
25 IN 26 27 1 0.5 3 -1
26 LN -1 -1 -1 -1 4 0
27 LN -1 -1 -1 -1 4 1
28 IN 29 30 3 8.5 3 -1
29 LN -1 -1 -1 -1 4 2
30 LN -1 -1 -1 -1 4 0

[TREE 6]
NB_NODES: 31
0 IN 1 16 1 0.5 0 -1
1 IN 2 9 0 6.5 1 -1
2 IN 3 6 3 1.5 2 -1
3 IN 4 5 3 0.5 3 -1
4 LN -1 -1 -1 -1 4 0
5 LN -1 -1 -1 -1 4 1
6 IN 7 8 2 0.5 3 -1
7 LN -1 -1 -1 -1 4 1
8 LN -1 -1 -1 -1 4 0
9 IN 10 13 3 8.5 2 -1
10 IN 11 12 3 6.5 3 -1
11 LN -1 -1 -1 -1 4 0
12 LN -1 -1 -1 -1 4 1
13 IN 14 15 2 2.5 3 -1
14 LN -1 -1 -1 -1 4 0
15 LN -1 -1 -1 -1 4 0
16 IN 17 24 1 8.5 1 -1
17 IN 18 21 0 6.5 2 -1
18 IN 19 20 2 7.5 3 -1
19 LN -1 -1 -1 -1 4 2
20 LN -1 -1 -1 -1 4 0
21 IN 22 23 3 0.5 3 -1
22 LN -1 -1 -1 -1 4 1
23 LN -1 -1 -1 -1 4 2
24 IN 25 28 0 5.5 2 -1
25 IN 26 27 2 5.5 3 -1
26 LN -1 -1 -1 -1 4 0
27 LN -1 -1 -1 -1 4 0
28 IN 29 30 3 2.5 3 -1
29 LN -1 -1 -1 -1 4 0
30 LN -1 -1 -1 -1 4 0

[TREE 7]
NB_NODES: 31
0 IN 1 16 1 0.5 0 -1
1 IN 2 9 2 8.5 1 -1
2 IN 3 6 2 0.5 2 -1
3 IN 4 5 3 8.5 3 -1
4 LN -1 -1 -1 -1 4 1
5 LN -1 -1 -1 -1 4 0
6 IN 7 8 0 7.5 3 -1
7 LN -1 -1 -1 -1 4 0
8 LN -1 -1 -1 -1 4 1
9 IN 10 13 3 0.5 2 -1
10 IN 11 12 0 7.5 3 -1
11 LN -1 -1 -1 -1 4 0
12 LN -1 -1 -1 -1 4 0
13 IN 14 15 3 8.5 3 -1
14 LN -1 -1 -1 -1 4 1
15 LN -1 -1 -1 -1 4 0
16 IN 17 24 1 8.5 1 -1
17 IN 18 21 0 6.5 2 -1
18 IN 19 20 1 7.5 3 -1
19 LN -1 -1 -1 -1 4 2
20 LN -1 -1 -1 -1 4 0
21 IN 22 23 3 0.5 3 -1
22 LN -1 -1 -1 -1 4 1
23 LN -1 -1 -1 -1 4 2
24 IN 25 28 0 5.5 2 -1
25 IN 26 27 2 4.5 3 -1
26 LN -1 -1 -1 -1 4 0
27 LN -1 -1 -1 -1 4 0
28 IN 29 30 0 7.5 3 -1
29 LN -1 -1 -1 -1 4 0
30 LN -1 -1 -1 -1 4 0

[TREE 8]
NB_NODES: 31
0 IN 1 16 1 0.5 0 -1
1 IN 2 9 2 8.5 1 -1
2 IN 3 6 2 0.5 2 -1
3 IN 4 5 3 8.5 3 -1
4 LN -1 -1 -1 -1 4 1
5 LN -1 -1 -1 -1 4 0
6 IN 7 8 3 1.5 3 -1
7 LN -1 -1 -1 -1 4 1
8 LN -1 -1 -1 -1 4 0
9 IN 10 13 3 0.5 2 -1
10 IN 11 12 0 7.5 3 -1
11 LN -1 -1 -1 -1 4 0
12 LN -1 -1 -1 -1 4 0
13 IN 14 15 3 8.5 3 -1
14 LN -1 -1 -1 -1 4 1
15 LN -1 -1 -1 -1 4 0
16 IN 17 24 1 8.5 1 -1
17 IN 18 21 0 6.5 2 -1
18 IN 19 20 2 7.5 3 -1
19 LN -1 -1 -1 -1 4 2
20 LN -1 -1 -1 -1 4 0
21 IN 22 23 2 8.5 3 -1
22 LN -1 -1 -1 -1 4 2
23 LN -1 -1 -1 -1 4 1
24 IN 25 28 0 5.5 2 -1
25 IN 26 27 2 5.5 3 -1
26 LN -1 -1 -1 -1 4 0
27 LN -1 -1 -1 -1 4 0
28 IN 29 30 3 7.5 3 -1
29 LN -1 -1 -1 -1 4 0
30 LN -1 -1 -1 -1 4 1

[TREE 9]
NB_NODES: 31
0 IN 1 16 3 1.5 0 -1
1 IN 2 9 3 0.5 1 -1
2 IN 3 6 2 8.5 2 -1
3 IN 4 5 0 8.5 3 -1
4 LN -1 -1 -1 -1 4 0
5 LN -1 -1 -1 -1 4 1
6 IN 7 8 1 0.5 3 -1
7 LN -1 -1 -1 -1 4 0
8 LN -1 -1 -1 -1 4 0
9 IN 10 13 0 7.5 2 -1
10 IN 11 12 2 6.5 3 -1
11 LN -1 -1 -1 -1 4 1
12 LN -1 -1 -1 -1 4 0
13 IN 14 15 2 8.5 3 -1
14 LN -1 -1 -1 -1 4 2
15 LN -1 -1 -1 -1 4 1
16 IN 17 24 3 7.5 1 -1
17 IN 18 21 2 7.5 2 -1
18 IN 19 20 0 3.5 3 -1
19 LN -1 -1 -1 -1 4 2
20 LN -1 -1 -1 -1 4 2
21 IN 22 23 0 7.5 3 -1
22 LN -1 -1 -1 -1 4 1
23 LN -1 -1 -1 -1 4 2
24 IN 25 28 0 7.5 2 -1
25 IN 26 27 1 1.5 3 -1
26 LN -1 -1 -1 -1 4 0
27 LN -1 -1 -1 -1 4 1
28 IN 29 30 3 8.5 3 -1
29 LN -1 -1 -1 -1 4 2
30 LN -1 -1 -1 -1 4 0

[TREE 10]
NB_NODES: 31
0 IN 1 16 2 7.5 0 -1
1 IN 2 9 2 1.5 1 -1
2 IN 3 6 1 0.5 2 -1
3 IN 4 5 0 5.5 3 -1
4 LN -1 -1 -1 -1 4 0
5 LN -1 -1 -1 -1 4 0
6 IN 7 8 0 3.5 3 -1
7 LN -1 -1 -1 -1 4 0
8 LN -1 -1 -1 -1 4 1
9 IN 10 13 1 8.5 2 -1
10 IN 11 12 0 4.5 3 -1
11 LN -1 -1 -1 -1 4 2
12 LN -1 -1 -1 -1 4 2
13 IN 14 15 3 0.5 3 -1
14 LN -1 -1 -1 -1 4 0
15 LN -1 -1 -1 -1 4 0
16 IN 17 24 2 8.5 1 -1
17 IN 18 21 0 7.5 2 -1
18 IN 19 20 0 1.5 3 -1
19 LN -1 -1 -1 -1 4 2
20 LN -1 -1 -1 -1 4 1
21 IN 22 23 3 0.5 3 -1
22 LN -1 -1 -1 -1 4 1
23 LN -1 -1 -1 -1 4 2
24 IN 25 28 0 5.5 2 -1
25 IN 26 27 0 4.5 3 -1
26 LN -1 -1 -1 -1 4 1
27 LN -1 -1 -1 -1 4 0
28 IN 29 30 3 0.5 3 -1
29 LN -1 -1 -1 -1 4 0
30 LN -1 -1 -1 -1 4 1

[TREE 11]
NB_NODES: 31
0 IN 1 16 3 1.5 0 -1
1 IN 2 9 0 7.5 1 -1
2 IN 3 6 0 3.5 2 -1
3 IN 4 5 1 6.5 3 -1
4 LN -1 -1 -1 -1 4 0
5 LN -1 -1 -1 -1 4 0
6 IN 7 8 3 0.5 3 -1
7 LN -1 -1 -1 -1 4 0
8 LN -1 -1 -1 -1 4 1
9 IN 10 13 1 8.5 2 -1
10 IN 11 12 3 0.5 3 -1
11 LN -1 -1 -1 -1 4 0
12 LN -1 -1 -1 -1 4 2
13 IN 14 15 2 1.5 3 -1
14 LN -1 -1 -1 -1 4 0
15 LN -1 -1 -1 -1 4 0
16 IN 17 24 2 7.5 1 -1
17 IN 18 21 3 7.5 2 -1
18 IN 19 20 0 3.5 3 -1
19 LN -1 -1 -1 -1 4 2
20 LN -1 -1 -1 -1 4 2
21 IN 22 23 2 1.5 3 -1
22 LN -1 -1 -1 -1 4 1
23 LN -1 -1 -1 -1 4 0
24 IN 25 28 3 8.5 2 -1
25 IN 26 27 0 7.5 3 -1
26 LN -1 -1 -1 -1 4 1
27 LN -1 -1 -1 -1 4 2
28 IN 29 30 1 5.5 3 -1
29 LN -1 -1 -1 -1 4 0
30 LN -1 -1 -1 -1 4 0

[TREE 12]
NB_NODES: 31
0 IN 1 16 2 7.5 0 -1
1 IN 2 9 2 1.5 1 -1
2 IN 3 6 2 0.5 2 -1
3 IN 4 5 1 2.5 3 -1
4 LN -1 -1 -1 -1 4 0
5 LN -1 -1 -1 -1 4 1
6 IN 7 8 0 7.5 3 -1
7 LN -1 -1 -1 -1 4 1
8 LN -1 -1 -1 -1 4 2
9 IN 10 13 3 1.5 2 -1
10 IN 11 12 3 0.5 3 -1
11 LN -1 -1 -1 -1 4 1
12 LN -1 -1 -1 -1 4 1
13 IN 14 15 0 3.5 3 -1
14 LN -1 -1 -1 -1 4 2
15 LN -1 -1 -1 -1 4 2
16 IN 17 24 3 0.5 1 -1
17 IN 18 21 2 8.5 2 -1
18 IN 19 20 1 7.5 3 -1
19 LN -1 -1 -1 -1 4 0
20 LN -1 -1 -1 -1 4 1
21 IN 22 23 1 0.5 3 -1
22 LN -1 -1 -1 -1 4 0
23 LN -1 -1 -1 -1 4 0
24 IN 25 28 2 8.5 2 -1
25 IN 26 27 0 7.5 3 -1
26 LN -1 -1 -1 -1 4 1
27 LN -1 -1 -1 -1 4 2
28 IN 29 30 0 5.5 3 -1
29 LN -1 -1 -1 -1 4 0
30 LN -1 -1 -1 -1 4 1

[TREE 13]
NB_NODES: 31
0 IN 1 16 3 1.5 0 -1
1 IN 2 9 0 7.5 1 -1
2 IN 3 6 2 7.5 2 -1
3 IN 4 5 0 3.5 3 -1
4 LN -1 -1 -1 -1 4 0
5 LN -1 -1 -1 -1 4 1
6 IN 7 8 0 3.5 3 -1
7 LN -1 -1 -1 -1 4 0
8 LN -1 -1 -1 -1 4 0
9 IN 10 13 2 1.5 2 -1
10 IN 11 12 3 0.5 3 -1
11 LN -1 -1 -1 -1 4 0
12 LN -1 -1 -1 -1 4 1
13 IN 14 15 2 7.5 3 -1
14 LN -1 -1 -1 -1 4 2
15 LN -1 -1 -1 -1 4 0
16 IN 17 24 3 7.5 1 -1
17 IN 18 21 1 0.5 2 -1
18 IN 19 20 2 8.5 3 -1
19 LN -1 -1 -1 -1 4 0
20 LN -1 -1 -1 -1 4 1
21 IN 22 23 2 7.5 3 -1
22 LN -1 -1 -1 -1 4 2
23 LN -1 -1 -1 -1 4 1
24 IN 25 28 0 7.5 2 -1
25 IN 26 27 2 2.5 3 -1
26 LN -1 -1 -1 -1 4 1
27 LN -1 -1 -1 -1 4 0
28 IN 29 30 2 0.5 3 -1
29 LN -1 -1 -1 -1 4 0
30 LN -1 -1 -1 -1 4 2

[TREE 14]
NB_NODES: 31
0 IN 1 16 2 7.5 0 -1
1 IN 2 9 1 0.5 1 -1
2 IN 3 6 3 4.5 2 -1
3 IN 4 5 0 6.5 3 -1
4 LN -1 -1 -1 -1 4 1
5 LN -1 -1 -1 -1 4 0
6 IN 7 8 3 8.5 3 -1
7 LN -1 -1 -1 -1 4 0
8 LN -1 -1 -1 -1 4 0
9 IN 10 13 2 1.5 2 -1
10 IN 11 12 0 3.5 3 -1
11 LN -1 -1 -1 -1 4 0
12 LN -1 -1 -1 -1 4 1
13 IN 14 15 0 4.5 3 -1
14 LN -1 -1 -1 -1 4 2
15 LN -1 -1 -1 -1 4 2
16 IN 17 24 2 8.5 1 -1
17 IN 18 21 0 7.5 2 -1
18 IN 19 20 1 1.5 3 -1
19 LN -1 -1 -1 -1 4 0
20 LN -1 -1 -1 -1 4 1
21 IN 22 23 3 0.5 3 -1
22 LN -1 -1 -1 -1 4 1
23 LN -1 -1 -1 -1 4 2
24 IN 25 28 3 0.5 2 -1
25 IN 26 27 1 0.5 3 -1
26 LN -1 -1 -1 -1 4 0
27 LN -1 -1 -1 -1 4 0
28 IN 29 30 0 5.5 3 -1
29 LN -1 -1 -1 -1 4 0
30 LN -1 -1 -1 -1 4 1

[TREE 15]
NB_NODES: 31
0 IN 1 16 2 7.5 0 -1
1 IN 2 9 3 1.5 1 -1
2 IN 3 6 0 7.5 2 -1
3 IN 4 5 2 3.5 3 -1
4 LN -1 -1 -1 -1 4 1
5 LN -1 -1 -1 -1 4 0
6 IN 7 8 2 1.5 3 -1
7 LN -1 -1 -1 -1 4 0
8 LN -1 -1 -1 -1 4 2
9 IN 10 13 3 7.5 2 -1
10 IN 11 12 2 0.5 3 -1
11 LN -1 -1 -1 -1 4 1
12 LN -1 -1 -1 -1 4 2
13 IN 14 15 0 7.5 3 -1
14 LN -1 -1 -1 -1 4 1
15 LN -1 -1 -1 -1 4 0
16 IN 17 24 2 8.5 1 -1
17 IN 18 21 0 7.5 2 -1
18 IN 19 20 3 2.5 3 -1
19 LN -1 -1 -1 -1 4 0
20 LN -1 -1 -1 -1 4 1
21 IN 22 23 1 8.5 3 -1
22 LN -1 -1 -1 -1 4 2
23 LN -1 -1 -1 -1 4 1
24 IN 25 28 3 0.5 2 -1
25 IN 26 27 1 0.5 3 -1
26 LN -1 -1 -1 -1 4 0
27 LN -1 -1 -1 -1 4 0
28 IN 29 30 3 8.5 3 -1
29 LN -1 -1 -1 -1 4 1
30 LN -1 -1 -1 -1 4 0

[TREE 16]
NB_NODES: 31
0 IN 1 16 1 0.5 0 -1
1 IN 2 9 3 8.5 1 -1
2 IN 3 6 0 7.5 2 -1
3 IN 4 5 3 0.5 3 -1
4 LN -1 -1 -1 -1 4 0
5 LN -1 -1 -1 -1 4 0
6 IN 7 8 3 6.5 3 -1
7 LN -1 -1 -1 -1 4 0
8 LN -1 -1 -1 -1 4 1
9 IN 10 13 2 0.5 2 -1
10 IN 11 12 0 6.5 3 -1
11 LN -1 -1 -1 -1 4 0
12 LN -1 -1 -1 -1 4 0
13 IN 14 15 2 8.5 3 -1
14 LN -1 -1 -1 -1 4 0
15 LN -1 -1 -1 -1 4 0
16 IN 17 24 2 7.5 1 -1
17 IN 18 21 1 8.5 2 -1
18 IN 19 20 0 5.5 3 -1
19 LN -1 -1 -1 -1 4 2
20 LN -1 -1 -1 -1 4 2
21 IN 22 23 3 8.5 3 -1
22 LN -1 -1 -1 -1 4 0
23 LN -1 -1 -1 -1 4 1
24 IN 25 28 2 8.5 2 -1
25 IN 26 27 0 7.5 3 -1
26 LN -1 -1 -1 -1 4 1
27 LN -1 -1 -1 -1 4 2
28 IN 29 30 1 6.5 3 -1
29 LN -1 -1 -1 -1 4 1
30 LN -1 -1 -1 -1 4 0

[TREE 17]
NB_NODES: 31
0 IN 1 16 2 7.5 0 -1
1 IN 2 9 2 1.5 1 -1
2 IN 3 6 2 0.5 2 -1
3 IN 4 5 0 4.5 3 -1
4 LN -1 -1 -1 -1 4 0
5 LN -1 -1 -1 -1 4 0
6 IN 7 8 3 1.5 3 -1
7 LN -1 -1 -1 -1 4 1
8 LN -1 -1 -1 -1 4 1
9 IN 10 13 3 1.5 2 -1
10 IN 11 12 3 0.5 3 -1
11 LN -1 -1 -1 -1 4 1
12 LN -1 -1 -1 -1 4 2
13 IN 14 15 3 6.5 3 -1
14 LN -1 -1 -1 -1 4 2
15 LN -1 -1 -1 -1 4 2
16 IN 17 24 2 8.5 1 -1
17 IN 18 21 3 1.5 2 -1
18 IN 19 20 0 8.5 3 -1
19 LN -1 -1 -1 -1 4 0
20 LN -1 -1 -1 -1 4 2
21 IN 22 23 3 8.5 3 -1
22 LN -1 -1 -1 -1 4 1
23 LN -1 -1 -1 -1 4 1
24 IN 25 28 3 0.5 2 -1
25 IN 26 27 0 7.5 3 -1
26 LN -1 -1 -1 -1 4 0
27 LN -1 -1 -1 -1 4 0
28 IN 29 30 0 5.5 3 -1
29 LN -1 -1 -1 -1 4 0
30 LN -1 -1 -1 -1 4 1

[TREE 18]
NB_NODES: 31
0 IN 1 16 2 7.5 0 -1
1 IN 2 9 2 1.5 1 -1
2 IN 3 6 2 0.5 2 -1
3 IN 4 5 1 2.5 3 -1
4 LN -1 -1 -1 -1 4 0
5 LN -1 -1 -1 -1 4 1
6 IN 7 8 0 7.5 3 -1
7 LN -1 -1 -1 -1 4 1
8 LN -1 -1 -1 -1 4 2
9 IN 10 13 1 8.5 2 -1
10 IN 11 12 3 1.5 3 -1
11 LN -1 -1 -1 -1 4 0
12 LN -1 -1 -1 -1 4 2
13 IN 14 15 2 3.5 3 -1
14 LN -1 -1 -1 -1 4 0
15 LN -1 -1 -1 -1 4 0
16 IN 17 24 2 8.5 1 -1
17 IN 18 21 3 1.5 2 -1
18 IN 19 20 1 6.5 3 -1
19 LN -1 -1 -1 -1 4 0
20 LN -1 -1 -1 -1 4 1
21 IN 22 23 0 7.5 3 -1
22 LN -1 -1 -1 -1 4 1
23 LN -1 -1 -1 -1 4 2
24 IN 25 28 0 5.5 2 -1
25 IN 26 27 1 5.5 3 -1
26 LN -1 -1 -1 -1 4 0
27 LN -1 -1 -1 -1 4 0
28 IN 29 30 0 6.5 3 -1
29 LN -1 -1 -1 -1 4 0
30 LN -1 -1 -1 -1 4 0

[TREE 19]
NB_NODES: 31
0 IN 1 16 2 7.5 0 -1
1 IN 2 9 3 1.5 1 -1
2 IN 3 6 0 7.5 2 -1
3 IN 4 5 2 2.5 3 -1
4 LN -1 -1 -1 -1 4 1
5 LN -1 -1 -1 -1 4 0
6 IN 7 8 3 0.5 3 -1
7 LN -1 -1 -1 -1 4 0
8 LN -1 -1 -1 -1 4 2
9 IN 10 13 2 0.5 2 -1
10 IN 11 12 0 4.5 3 -1
11 LN -1 -1 -1 -1 4 0
12 LN -1 -1 -1 -1 4 1
13 IN 14 15 3 6.5 3 -1
14 LN -1 -1 -1 -1 4 2
15 LN -1 -1 -1 -1 4 1
16 IN 17 24 2 8.5 1 -1
17 IN 18 21 3 1.5 2 -1
18 IN 19 20 3 0.5 3 -1
19 LN -1 -1 -1 -1 4 0
20 LN -1 -1 -1 -1 4 0
21 IN 22 23 3 7.5 3 -1
22 LN -1 -1 -1 -1 4 1
23 LN -1 -1 -1 -1 4 1
24 IN 25 28 3 0.5 2 -1
25 IN 26 27 0 7.5 3 -1
26 LN -1 -1 -1 -1 4 0
27 LN -1 -1 -1 -1 4 0
28 IN 29 30 0 5.5 3 -1
29 LN -1 -1 -1 -1 4 0
30 LN -1 -1 -1 -1 4 1

[TREE 20]
NB_NODES: 31
0 IN 1 16 3 1.5 0 -1
1 IN 2 9 0 7.5 1 -1
2 IN 3 6 2 7.5 2 -1
3 IN 4 5 2 3.5 3 -1
4 LN -1 -1 -1 -1 4 1
5 LN -1 -1 -1 -1 4 0
6 IN 7 8 1 3.5 3 -1
7 LN -1 -1 -1 -1 4 0
8 LN -1 -1 -1 -1 4 0
9 IN 10 13 3 0.5 2 -1
10 IN 11 12 2 8.5 3 -1
11 LN -1 -1 -1 -1 4 1
12 LN -1 -1 -1 -1 4 0
13 IN 14 15 1 8.5 3 -1
14 LN -1 -1 -1 -1 4 2
15 LN -1 -1 -1 -1 4 0
16 IN 17 24 3 7.5 1 -1
17 IN 18 21 1 0.5 2 -1
18 IN 19 20 0 6.5 3 -1
19 LN -1 -1 -1 -1 4 0
20 LN -1 -1 -1 -1 4 1
21 IN 22 23 0 4.5 3 -1
22 LN -1 -1 -1 -1 4 2
23 LN -1 -1 -1 -1 4 2
24 IN 25 28 0 7.5 2 -1
25 IN 26 27 2 0.5 3 -1
26 LN -1 -1 -1 -1 4 0
27 LN -1 -1 -1 -1 4 1
28 IN 29 30 3 8.5 3 -1
29 LN -1 -1 -1 -1 4 2
30 LN -1 -1 -1 -1 4 0

[TREE 21]
NB_NODES: 31
0 IN 1 16 2 7.5 0 -1
1 IN 2 9 1 8.5 1 -1
2 IN 3 6 2 1.5 2 -1
3 IN 4 5 2 0.5 3 -1
4 LN -1 -1 -1 -1 4 0
5 LN -1 -1 -1 -1 4 1
6 IN 7 8 3 1.5 3 -1
7 LN -1 -1 -1 -1 4 1
8 LN -1 -1 -1 -1 4 2
9 IN 10 13 2 0.5 2 -1
10 IN 11 12 3 5.5 3 -1
11 LN -1 -1 -1 -1 4 0
12 LN -1 -1 -1 -1 4 1
13 IN 14 15 0 5.5 3 -1
14 LN -1 -1 -1 -1 4 0
15 LN -1 -1 -1 -1 4 0
16 IN 17 24 3 0.5 1 -1
17 IN 18 21 0 7.5 2 -1
18 IN 19 20 2 8.5 3 -1
19 LN -1 -1 -1 -1 4 0
20 LN -1 -1 -1 -1 4 0
21 IN 22 23 0 8.5 3 -1
22 LN -1 -1 -1 -1 4 0
23 LN -1 -1 -1 -1 4 0
24 IN 25 28 0 7.5 2 -1
25 IN 26 27 0 1.5 3 -1
26 LN -1 -1 -1 -1 4 2
27 LN -1 -1 -1 -1 4 1
28 IN 29 30 1 0.5 3 -1
29 LN -1 -1 -1 -1 4 0
30 LN -1 -1 -1 -1 4 2

[TREE 22]
NB_NODES: 31
0 IN 1 16 2 7.5 0 -1
1 IN 2 9 2 1.5 1 -1
2 IN 3 6 2 0.5 2 -1
3 IN 4 5 3 6.5 3 -1
4 LN -1 -1 -1 -1 4 0
5 LN -1 -1 -1 -1 4 0
6 IN 7 8 0 7.5 3 -1
7 LN -1 -1 -1 -1 4 1
8 LN -1 -1 -1 -1 4 2
9 IN 10 13 0 4.5 2 -1
10 IN 11 12 3 6.5 3 -1
11 LN -1 -1 -1 -1 4 2
12 LN -1 -1 -1 -1 4 1
13 IN 14 15 0 6.5 3 -1
14 LN -1 -1 -1 -1 4 2
15 LN -1 -1 -1 -1 4 2
16 IN 17 24 0 7.5 1 -1
17 IN 18 21 3 2.5 2 -1
18 IN 19 20 3 0.5 3 -1
19 LN -1 -1 -1 -1 4 0
20 LN -1 -1 -1 -1 4 0
21 IN 22 23 3 8.5 3 -1
22 LN -1 -1 -1 -1 4 1
23 LN -1 -1 -1 -1 4 0
24 IN 25 28 2 8.5 2 -1
25 IN 26 27 1 8.5 3 -1
26 LN -1 -1 -1 -1 4 2
27 LN -1 -1 -1 -1 4 1
28 IN 29 30 0 8.5 3 -1
29 LN -1 -1 -1 -1 4 0
30 LN -1 -1 -1 -1 4 0

[TREE 23]
NB_NODES: 31
0 IN 1 16 3 1.5 0 -1
1 IN 2 9 0 7.5 1 -1
2 IN 3 6 2 7.5 2 -1
3 IN 4 5 2 3.5 3 -1
4 LN -1 -1 -1 -1 4 1
5 LN -1 -1 -1 -1 4 0
6 IN 7 8 1 3.5 3 -1
7 LN -1 -1 -1 -1 4 0
8 LN -1 -1 -1 -1 4 0
9 IN 10 13 3 0.5 2 -1
10 IN 11 12 1 8.5 3 -1
11 LN -1 -1 -1 -1 4 1
12 LN -1 -1 -1 -1 4 0
13 IN 14 15 2 8.5 3 -1
14 LN -1 -1 -1 -1 4 2
15 LN -1 -1 -1 -1 4 1
16 IN 17 24 2 7.5 1 -1
17 IN 18 21 2 1.5 2 -1
18 IN 19 20 1 0.5 3 -1
19 LN -1 -1 -1 -1 4 0
20 LN -1 -1 -1 -1 4 1
21 IN 22 23 1 8.5 3 -1
22 LN -1 -1 -1 -1 4 2
23 LN -1 -1 -1 -1 4 0
24 IN 25 28 2 8.5 2 -1
25 IN 26 27 1 1.5 3 -1
26 LN -1 -1 -1 -1 4 0
27 LN -1 -1 -1 -1 4 1
28 IN 29 30 0 5.5 3 -1
29 LN -1 -1 -1 -1 4 0
30 LN -1 -1 -1 -1 4 1

[TREE 24]
NB_NODES: 31
0 IN 1 16 3 1.5 0 -1
1 IN 2 9 3 0.5 1 -1
2 IN 3 6 2 8.5 2 -1
3 IN 4 5 0 8.5 3 -1
4 LN -1 -1 -1 -1 4 0
5 LN -1 -1 -1 -1 4 0
6 IN 7 8 0 7.5 3 -1
7 LN -1 -1 -1 -1 4 0
8 LN -1 -1 -1 -1 4 0
9 IN 10 13 0 7.5 2 -1
10 IN 11 12 2 6.5 3 -1
11 LN -1 -1 -1 -1 4 1
12 LN -1 -1 -1 -1 4 0
13 IN 14 15 2 8.5 3 -1
14 LN -1 -1 -1 -1 4 2
15 LN -1 -1 -1 -1 4 1
16 IN 17 24 2 7.5 1 -1
17 IN 18 21 3 7.5 2 -1
18 IN 19 20 0 3.5 3 -1
19 LN -1 -1 -1 -1 4 2
20 LN -1 -1 -1 -1 4 2
21 IN 22 23 0 7.5 3 -1
22 LN -1 -1 -1 -1 4 1
23 LN -1 -1 -1 -1 4 0
24 IN 25 28 2 8.5 2 -1
25 IN 26 27 0 7.5 3 -1
26 LN -1 -1 -1 -1 4 1
27 LN -1 -1 -1 -1 4 2
28 IN 29 30 3 8.5 3 -1
29 LN -1 -1 -1 -1 4 1
30 LN -1 -1 -1 -1 4 0

[TREE 25]
NB_NODES: 31
0 IN 1 16 1 0.5 0 -1
1 IN 2 9 0 7.5 1 -1
2 IN 3 6 2 0.5 2 -1
3 IN 4 5 0 5.5 3 -1
4 LN -1 -1 -1 -1 4 0
5 LN -1 -1 -1 -1 4 0
6 IN 7 8 3 0.5 3 -1
7 LN -1 -1 -1 -1 4 0
8 LN -1 -1 -1 -1 4 0
9 IN 10 13 3 8.5 2 -1
10 IN 11 12 3 2.5 3 -1
11 LN -1 -1 -1 -1 4 0
12 LN -1 -1 -1 -1 4 1
13 IN 14 15 2 0.5 3 -1
14 LN -1 -1 -1 -1 4 0
15 LN -1 -1 -1 -1 4 0
16 IN 17 24 2 7.5 1 -1
17 IN 18 21 2 1.5 2 -1
18 IN 19 20 2 0.5 3 -1
19 LN -1 -1 -1 -1 4 1
20 LN -1 -1 -1 -1 4 1
21 IN 22 23 1 8.5 3 -1
22 LN -1 -1 -1 -1 4 2
23 LN -1 -1 -1 -1 4 0
24 IN 25 28 0 7.5 2 -1
25 IN 26 27 3 2.5 3 -1
26 LN -1 -1 -1 -1 4 0
27 LN -1 -1 -1 -1 4 1
28 IN 29 30 1 8.5 3 -1
29 LN -1 -1 -1 -1 4 2
30 LN -1 -1 -1 -1 4 0

[TREE 26]
NB_NODES: 31
0 IN 1 16 3 1.5 0 -1
1 IN 2 9 0 7.5 1 -1
2 IN 3 6 0 3.5 2 -1
3 IN 4 5 0 2.5 3 -1
4 LN -1 -1 -1 -1 4 0
5 LN -1 -1 -1 -1 4 0
6 IN 7 8 1 8.5 3 -1
7 LN -1 -1 -1 -1 4 1
8 LN -1 -1 -1 -1 4 0
9 IN 10 13 3 0.5 2 -1
10 IN 11 12 2 8.5 3 -1
11 LN -1 -1 -1 -1 4 1
12 LN -1 -1 -1 -1 4 0
13 IN 14 15 2 8.5 3 -1
14 LN -1 -1 -1 -1 4 2
15 LN -1 -1 -1 -1 4 1
16 IN 17 24 2 7.5 1 -1
17 IN 18 21 3 7.5 2 -1
18 IN 19 20 0 3.5 3 -1
19 LN -1 -1 -1 -1 4 2
20 LN -1 -1 -1 -1 4 2
21 IN 22 23 2 0.5 3 -1
22 LN -1 -1 -1 -1 4 0
23 LN -1 -1 -1 -1 4 1
24 IN 25 28 0 7.5 2 -1
25 IN 26 27 0 1.5 3 -1
26 LN -1 -1 -1 -1 4 2
27 LN -1 -1 -1 -1 4 1
28 IN 29 30 3 8.5 3 -1
29 LN -1 -1 -1 -1 4 2
30 LN -1 -1 -1 -1 4 0

[TREE 27]
NB_NODES: 31
0 IN 1 16 2 7.5 0 -1
1 IN 2 9 1 0.5 1 -1
2 IN 3 6 3 4.5 2 -1
3 IN 4 5 0 6.5 3 -1
4 LN -1 -1 -1 -1 4 1
5 LN -1 -1 -1 -1 4 1
6 IN 7 8 0 5.5 3 -1
7 LN -1 -1 -1 -1 4 0
8 LN -1 -1 -1 -1 4 0
9 IN 10 13 1 8.5 2 -1
10 IN 11 12 0 5.5 3 -1
11 LN -1 -1 -1 -1 4 2
12 LN -1 -1 -1 -1 4 2
13 IN 14 15 3 8.5 3 -1
14 LN -1 -1 -1 -1 4 0
15 LN -1 -1 -1 -1 4 1
16 IN 17 24 2 8.5 1 -1
17 IN 18 21 3 1.5 2 -1
18 IN 19 20 0 8.5 3 -1
19 LN -1 -1 -1 -1 4 0
20 LN -1 -1 -1 -1 4 2
21 IN 22 23 3 8.5 3 -1
22 LN -1 -1 -1 -1 4 1
23 LN -1 -1 -1 -1 4 1
24 IN 25 28 3 0.5 2 -1
25 IN 26 27 0 7.5 3 -1
26 LN -1 -1 -1 -1 4 0
27 LN -1 -1 -1 -1 4 0
28 IN 29 30 3 8.5 3 -1
29 LN -1 -1 -1 -1 4 1
30 LN -1 -1 -1 -1 4 0

[TREE 28]
NB_NODES: 31
0 IN 1 16 3 1.5 0 -1
1 IN 2 9 3 0.5 1 -1
2 IN 3 6 2 8.5 2 -1
3 IN 4 5 0 6.5 3 -1
4 LN -1 -1 -1 -1 4 0
5 LN -1 -1 -1 -1 4 1
6 IN 7 8 0 7.5 3 -1
7 LN -1 -1 -1 -1 4 0
8 LN -1 -1 -1 -1 4 0
9 IN 10 13 0 7.5 2 -1
10 IN 11 12 2 6.5 3 -1
11 LN -1 -1 -1 -1 4 1
12 LN -1 -1 -1 -1 4 0
13 IN 14 15 1 8.5 3 -1
14 LN -1 -1 -1 -1 4 2
15 LN -1 -1 -1 -1 4 0
16 IN 17 24 3 7.5 1 -1
17 IN 18 21 2 7.5 2 -1
18 IN 19 20 3 6.5 3 -1
19 LN -1 -1 -1 -1 4 2
20 LN -1 -1 -1 -1 4 2
21 IN 22 23 0 7.5 3 -1
22 LN -1 -1 -1 -1 4 1
23 LN -1 -1 -1 -1 4 2
24 IN 25 28 0 7.5 2 -1
25 IN 26 27 1 0.5 3 -1
26 LN -1 -1 -1 -1 4 0
27 LN -1 -1 -1 -1 4 1
28 IN 29 30 1 0.5 3 -1
29 LN -1 -1 -1 -1 4 0
30 LN -1 -1 -1 -1 4 2

[TREE 29]
NB_NODES: 31
0 IN 1 16 2 7.5 0 -1
1 IN 2 9 2 1.5 1 -1
2 IN 3 6 0 3.5 2 -1
3 IN 4 5 3 3.5 3 -1
4 LN -1 -1 -1 -1 4 0
5 LN -1 -1 -1 -1 4 0
6 IN 7 8 2 0.5 3 -1
7 LN -1 -1 -1 -1 4 0
8 LN -1 -1 -1 -1 4 1
9 IN 10 13 3 1.5 2 -1
10 IN 11 12 1 8.5 3 -1
11 LN -1 -1 -1 -1 4 1
12 LN -1 -1 -1 -1 4 0
13 IN 14 15 0 3.5 3 -1
14 LN -1 -1 -1 -1 4 2
15 LN -1 -1 -1 -1 4 2
16 IN 17 24 2 8.5 1 -1
17 IN 18 21 3 1.5 2 -1
18 IN 19 20 0 8.5 3 -1
19 LN -1 -1 -1 -1 4 0
20 LN -1 -1 -1 -1 4 2
21 IN 22 23 3 7.5 3 -1
22 LN -1 -1 -1 -1 4 1
23 LN -1 -1 -1 -1 4 1
24 IN 25 28 1 0.5 2 -1
25 IN 26 27 0 5.5 3 -1
26 LN -1 -1 -1 -1 4 1
27 LN -1 -1 -1 -1 4 0
28 IN 29 30 1 6.5 3 -1
29 LN -1 -1 -1 -1 4 1
30 LN -1 -1 -1 -1 4 0

[TREE 30]
NB_NODES: 31
0 IN 1 16 3 1.5 0 -1
1 IN 2 9 0 7.5 1 -1
2 IN 3 6 0 3.5 2 -1
3 IN 4 5 0 2.5 3 -1
4 LN -1 -1 -1 -1 4 0
5 LN -1 -1 -1 -1 4 0
6 IN 7 8 2 7.5 3 -1
7 LN -1 -1 -1 -1 4 1
8 LN -1 -1 -1 -1 4 0
9 IN 10 13 1 8.5 2 -1
10 IN 11 12 3 0.5 3 -1
11 LN -1 -1 -1 -1 4 0
12 LN -1 -1 -1 -1 4 2
13 IN 14 15 2 8.5 3 -1
14 LN -1 -1 -1 -1 4 0
15 LN -1 -1 -1 -1 4 0
16 IN 17 24 2 7.5 1 -1
17 IN 18 21 2 0.5 2 -1
18 IN 19 20 0 4.5 3 -1
19 LN -1 -1 -1 -1 4 0
20 LN -1 -1 -1 -1 4 1
21 IN 22 23 2 1.5 3 -1
22 LN -1 -1 -1 -1 4 1
23 LN -1 -1 -1 -1 4 2
24 IN 25 28 3 8.5 2 -1
25 IN 26 27 2 8.5 3 -1
26 LN -1 -1 -1 -1 4 1
27 LN -1 -1 -1 -1 4 1
28 IN 29 30 0 6.5 3 -1
29 LN -1 -1 -1 -1 4 0
30 LN -1 -1 -1 -1 4 0

[TREE 31]
NB_NODES: 31
0 IN 1 16 3 1.5 0 -1
1 IN 2 9 3 0.5 1 -1
2 IN 3 6 2 8.5 2 -1
3 IN 4 5 1 8.5 3 -1
4 LN -1 -1 -1 -1 4 1
5 LN -1 -1 -1 -1 4 0
6 IN 7 8 0 7.5 3 -1
7 LN -1 -1 -1 -1 4 0
8 LN -1 -1 -1 -1 4 0
9 IN 10 13 0 7.5 2 -1
10 IN 11 12 0 3.5 3 -1
11 LN -1 -1 -1 -1 4 0
12 LN -1 -1 -1 -1 4 1
13 IN 14 15 1 8.5 3 -1
14 LN -1 -1 -1 -1 4 2
15 LN -1 -1 -1 -1 4 0
16 IN 17 24 3 7.5 1 -1
17 IN 18 21 0 3.5 2 -1
18 IN 19 20 2 1.5 3 -1
19 LN -1 -1 -1 -1 4 0
20 LN -1 -1 -1 -1 4 2
21 IN 22 23 2 7.5 3 -1
22 LN -1 -1 -1 -1 4 2
23 LN -1 -1 -1 -1 4 1
24 IN 25 28 0 7.5 2 -1
25 IN 26 27 3 8.5 3 -1
26 LN -1 -1 -1 -1 4 1
27 LN -1 -1 -1 -1 4 0
28 IN 29 30 1 0.5 3 -1
29 LN -1 -1 -1 -1 4 0
30 LN -1 -1 -1 -1 4 2

[TREE 32]
NB_NODES: 31
0 IN 1 16 3 1.5 0 -1
1 IN 2 9 0 7.5 1 -1
2 IN 3 6 2 7.5 2 -1
3 IN 4 5 1 7.5 3 -1
4 LN -1 -1 -1 -1 4 1
5 LN -1 -1 -1 -1 4 0
6 IN 7 8 3 0.5 3 -1
7 LN -1 -1 -1 -1 4 0
8 LN -1 -1 -1 -1 4 0
9 IN 10 13 2 1.5 2 -1
10 IN 11 12 1 8.5 3 -1
11 LN -1 -1 -1 -1 4 1
12 LN -1 -1 -1 -1 4 0
13 IN 14 15 3 0.5 3 -1
14 LN -1 -1 -1 -1 4 1
15 LN -1 -1 -1 -1 4 2
16 IN 17 24 3 7.5 1 -1
17 IN 18 21 0 4.5 2 -1
18 IN 19 20 3 6.5 3 -1
19 LN -1 -1 -1 -1 4 2
20 LN -1 -1 -1 -1 4 0
21 IN 22 23 2 7.5 3 -1
22 LN -1 -1 -1 -1 4 2
23 LN -1 -1 -1 -1 4 1
24 IN 25 28 3 8.5 2 -1
25 IN 26 27 2 0.5 3 -1
26 LN -1 -1 -1 -1 4 0
27 LN -1 -1 -1 -1 4 1
28 IN 29 30 2 8.5 3 -1
29 LN -1 -1 -1 -1 4 1
30 LN -1 -1 -1 -1 4 0

[TREE 33]
NB_NODES: 31
0 IN 1 16 1 0.5 0 -1
1 IN 2 9 3 8.5 1 -1
2 IN 3 6 3 0.5 2 -1
3 IN 4 5 0 7.5 3 -1
4 LN -1 -1 -1 -1 4 0
5 LN -1 -1 -1 -1 4 0
6 IN 7 8 2 8.5 3 -1
7 LN -1 -1 -1 -1 4 0
8 LN -1 -1 -1 -1 4 1
9 IN 10 13 0 6.5 2 -1
10 IN 11 12 2 7.5 3 -1
11 LN -1 -1 -1 -1 4 0
12 LN -1 -1 -1 -1 4 0
13 IN 14 15 0 8.5 3 -1
14 LN -1 -1 -1 -1 4 0
15 LN -1 -1 -1 -1 4 0
16 IN 17 24 1 8.5 1 -1
17 IN 18 21 0 6.5 2 -1
18 IN 19 20 2 7.5 3 -1
19 LN -1 -1 -1 -1 4 2
20 LN -1 -1 -1 -1 4 0
21 IN 22 23 1 7.5 3 -1
22 LN -1 -1 -1 -1 4 2
23 LN -1 -1 -1 -1 4 2
24 IN 25 28 0 5.5 2 -1
25 IN 26 27 3 1.5 3 -1
26 LN -1 -1 -1 -1 4 1
27 LN -1 -1 -1 -1 4 0
28 IN 29 30 3 6.5 3 -1
29 LN -1 -1 -1 -1 4 0
30 LN -1 -1 -1 -1 4 0

[TREE 34]
NB_NODES: 31
0 IN 1 16 2 7.5 0 -1
1 IN 2 9 3 1.5 1 -1
2 IN 3 6 2 1.5 2 -1
3 IN 4 5 1 8.5 3 -1
4 LN -1 -1 -1 -1 4 1
5 LN -1 -1 -1 -1 4 0
6 IN 7 8 1 8.5 3 -1
7 LN -1 -1 -1 -1 4 1
8 LN -1 -1 -1 -1 4 0
9 IN 10 13 3 7.5 2 -1
10 IN 11 12 2 0.5 3 -1
11 LN -1 -1 -1 -1 4 0
12 LN -1 -1 -1 -1 4 2
13 IN 14 15 0 7.5 3 -1
14 LN -1 -1 -1 -1 4 1
15 LN -1 -1 -1 -1 4 0
16 IN 17 24 3 0.5 1 -1
17 IN 18 21 0 7.5 2 -1
18 IN 19 20 1 3.5 3 -1
19 LN -1 -1 -1 -1 4 0
20 LN -1 -1 -1 -1 4 0
21 IN 22 23 2 8.5 3 -1
22 LN -1 -1 -1 -1 4 1
23 LN -1 -1 -1 -1 4 0
24 IN 25 28 0 7.5 2 -1
25 IN 26 27 1 8.5 3 -1
26 LN -1 -1 -1 -1 4 1
27 LN -1 -1 -1 -1 4 0
28 IN 29 30 3 8.5 3 -1
29 LN -1 -1 -1 -1 4 2
30 LN -1 -1 -1 -1 4 0

[TREE 35]
NB_NODES: 31
0 IN 1 16 2 7.5 0 -1
1 IN 2 9 2 1.5 1 -1
2 IN 3 6 1 0.5 2 -1
3 IN 4 5 2 0.5 3 -1
4 LN -1 -1 -1 -1 4 0
5 LN -1 -1 -1 -1 4 0
6 IN 7 8 0 3.5 3 -1
7 LN -1 -1 -1 -1 4 0
8 LN -1 -1 -1 -1 4 1
9 IN 10 13 0 4.5 2 -1
10 IN 11 12 0 3.5 3 -1
11 LN -1 -1 -1 -1 4 2
12 LN -1 -1 -1 -1 4 2
13 IN 14 15 3 0.5 3 -1
14 LN -1 -1 -1 -1 4 0
15 LN -1 -1 -1 -1 4 2
16 IN 17 24 0 7.5 1 -1
17 IN 18 21 0 1.5 2 -1
18 IN 19 20 3 5.5 3 -1
19 LN -1 -1 -1 -1 4 0
20 LN -1 -1 -1 -1 4 2
21 IN 22 23 3 1.5 3 -1
22 LN -1 -1 -1 -1 4 0
23 LN -1 -1 -1 -1 4 1
24 IN 25 28 2 8.5 2 -1
25 IN 26 27 1 8.5 3 -1
26 LN -1 -1 -1 -1 4 2
27 LN -1 -1 -1 -1 4 1
28 IN 29 30 1 0.5 3 -1
29 LN -1 -1 -1 -1 4 0
30 LN -1 -1 -1 -1 4 1

[TREE 36]
NB_NODES: 31
0 IN 1 16 2 7.5 0 -1
1 IN 2 9 2 1.5 1 -1
2 IN 3 6 0 3.5 2 -1
3 IN 4 5 3 3.5 3 -1
4 LN -1 -1 -1 -1 4 0
5 LN -1 -1 -1 -1 4 0
6 IN 7 8 1 0.5 3 -1
7 LN -1 -1 -1 -1 4 0
8 LN -1 -1 -1 -1 4 1
9 IN 10 13 3 1.5 2 -1
10 IN 11 12 3 0.5 3 -1
11 LN -1 -1 -1 -1 4 0
12 LN -1 -1 -1 -1 4 2
13 IN 14 15 0 3.5 3 -1
14 LN -1 -1 -1 -1 4 2
15 LN -1 -1 -1 -1 4 2
16 IN 17 24 0 7.5 1 -1
17 IN 18 21 3 2.5 2 -1
18 IN 19 20 3 0.5 3 -1
19 LN -1 -1 -1 -1 4 0
20 LN -1 -1 -1 -1 4 0
21 IN 22 23 1 0.5 3 -1
22 LN -1 -1 -1 -1 4 0
23 LN -1 -1 -1 -1 4 1
24 IN 25 28 3 0.5 2 -1
25 IN 26 27 1 0.5 3 -1
26 LN -1 -1 -1 -1 4 0
27 LN -1 -1 -1 -1 4 1
28 IN 29 30 2 8.5 3 -1
29 LN -1 -1 -1 -1 4 2
30 LN -1 -1 -1 -1 4 1

[TREE 37]
NB_NODES: 31
0 IN 1 16 3 1.5 0 -1
1 IN 2 9 0 7.5 1 -1
2 IN 3 6 2 7.5 2 -1
3 IN 4 5 0 3.5 3 -1
4 LN -1 -1 -1 -1 4 0
5 LN -1 -1 -1 -1 4 1
6 IN 7 8 1 3.5 3 -1
7 LN -1 -1 -1 -1 4 0
8 LN -1 -1 -1 -1 4 0
9 IN 10 13 3 0.5 2 -1
10 IN 11 12 0 8.5 3 -1
11 LN -1 -1 -1 -1 4 0
12 LN -1 -1 -1 -1 4 0
13 IN 14 15 2 8.5 3 -1
14 LN -1 -1 -1 -1 4 2
15 LN -1 -1 -1 -1 4 1
16 IN 17 24 2 0.5 1 -1
17 IN 18 21 1 6.5 2 -1
18 IN 19 20 3 6.5 3 -1
19 LN -1 -1 -1 -1 4 1
20 LN -1 -1 -1 -1 4 0
21 IN 22 23 0 4.5 3 -1
22 LN -1 -1 -1 -1 4 0
23 LN -1 -1 -1 -1 4 1
24 IN 25 28 3 7.5 2 -1
25 IN 26 27 1 0.5 3 -1
26 LN -1 -1 -1 -1 4 0
27 LN -1 -1 -1 -1 4 2
28 IN 29 30 2 6.5 3 -1
29 LN -1 -1 -1 -1 4 1
30 LN -1 -1 -1 -1 4 1

[TREE 38]
NB_NODES: 31
0 IN 1 16 3 1.5 0 -1
1 IN 2 9 0 7.5 1 -1
2 IN 3 6 3 0.5 2 -1
3 IN 4 5 1 0.5 3 -1
4 LN -1 -1 -1 -1 4 0
5 LN -1 -1 -1 -1 4 0
6 IN 7 8 2 6.5 3 -1
7 LN -1 -1 -1 -1 4 1
8 LN -1 -1 -1 -1 4 0
9 IN 10 13 3 0.5 2 -1
10 IN 11 12 2 8.5 3 -1
11 LN -1 -1 -1 -1 4 0
12 LN -1 -1 -1 -1 4 0
13 IN 14 15 0 8.5 3 -1
14 LN -1 -1 -1 -1 4 2
15 LN -1 -1 -1 -1 4 2
16 IN 17 24 2 7.5 1 -1
17 IN 18 21 2 0.5 2 -1
18 IN 19 20 3 6.5 3 -1
19 LN -1 -1 -1 -1 4 1
20 LN -1 -1 -1 -1 4 0
21 IN 22 23 3 6.5 3 -1
22 LN -1 -1 -1 -1 4 2
23 LN -1 -1 -1 -1 4 2
24 IN 25 28 0 7.5 2 -1
25 IN 26 27 0 1.5 3 -1
26 LN -1 -1 -1 -1 4 0
27 LN -1 -1 -1 -1 4 1
28 IN 29 30 2 8.5 3 -1
29 LN -1 -1 -1 -1 4 2
30 LN -1 -1 -1 -1 4 0

[TREE 39]
NB_NODES: 31
0 IN 1 16 3 1.5 0 -1
1 IN 2 9 0 7.5 1 -1
2 IN 3 6 2 7.5 2 -1
3 IN 4 5 0 3.5 3 -1
4 LN -1 -1 -1 -1 4 0
5 LN -1 -1 -1 -1 4 1
6 IN 7 8 1 6.5 3 -1
7 LN -1 -1 -1 -1 4 0
8 LN -1 -1 -1 -1 4 0
9 IN 10 13 2 1.5 2 -1
10 IN 11 12 2 0.5 3 -1
11 LN -1 -1 -1 -1 4 0
12 LN -1 -1 -1 -1 4 1
13 IN 14 15 2 7.5 3 -1
14 LN -1 -1 -1 -1 4 2
15 LN -1 -1 -1 -1 4 0
16 IN 17 24 3 7.5 1 -1
17 IN 18 21 2 7.5 2 -1
18 IN 19 20 2 0.5 3 -1
19 LN -1 -1 -1 -1 4 1
20 LN -1 -1 -1 -1 4 2
21 IN 22 23 0 7.5 3 -1
22 LN -1 -1 -1 -1 4 1
23 LN -1 -1 -1 -1 4 2
24 IN 25 28 0 7.5 2 -1
25 IN 26 27 1 0.5 3 -1
26 LN -1 -1 -1 -1 4 0
27 LN -1 -1 -1 -1 4 1
28 IN 29 30 3 8.5 3 -1
29 LN -1 -1 -1 -1 4 2
30 LN -1 -1 -1 -1 4 0

[TREE 40]
NB_NODES: 31
0 IN 1 16 2 7.5 0 -1
1 IN 2 9 2 1.5 1 -1
2 IN 3 6 0 3.5 2 -1
3 IN 4 5 0 1.5 3 -1
4 LN -1 -1 -1 -1 4 0
5 LN -1 -1 -1 -1 4 0
6 IN 7 8 2 0.5 3 -1
7 LN -1 -1 -1 -1 4 0
8 LN -1 -1 -1 -1 4 1
9 IN 10 13 0 4.5 2 -1
10 IN 11 12 0 3.5 3 -1
11 LN -1 -1 -1 -1 4 2
12 LN -1 -1 -1 -1 4 2
13 IN 14 15 0 6.5 3 -1
14 LN -1 -1 -1 -1 4 2
15 LN -1 -1 -1 -1 4 2
16 IN 17 24 3 0.5 1 -1
17 IN 18 21 2 8.5 2 -1
18 IN 19 20 0 7.5 3 -1
19 LN -1 -1 -1 -1 4 0
20 LN -1 -1 -1 -1 4 1
21 IN 22 23 0 7.5 3 -1
22 LN -1 -1 -1 -1 4 0
23 LN -1 -1 -1 -1 4 0
24 IN 25 28 0 7.5 2 -1
25 IN 26 27 0 1.5 3 -1
26 LN -1 -1 -1 -1 4 2
27 LN -1 -1 -1 -1 4 1
28 IN 29 30 3 8.5 3 -1
29 LN -1 -1 -1 -1 4 2
30 LN -1 -1 -1 -1 4 0

[TREE 41]
NB_NODES: 31
0 IN 1 16 2 7.5 0 -1
1 IN 2 9 2 1.5 1 -1
2 IN 3 6 2 0.5 2 -1
3 IN 4 5 3 6.5 3 -1
4 LN -1 -1 -1 -1 4 0
5 LN -1 -1 -1 -1 4 0
6 IN 7 8 3 1.5 3 -1
7 LN -1 -1 -1 -1 4 1
8 LN -1 -1 -1 -1 4 1
9 IN 10 13 3 1.5 2 -1
10 IN 11 12 0 7.5 3 -1
11 LN -1 -1 -1 -1 4 0
12 LN -1 -1 -1 -1 4 2
13 IN 14 15 0 3.5 3 -1
14 LN -1 -1 -1 -1 4 2
15 LN -1 -1 -1 -1 4 2
16 IN 17 24 0 7.5 1 -1
17 IN 18 21 0 1.5 2 -1
18 IN 19 20 3 5.5 3 -1
19 LN -1 -1 -1 -1 4 0
20 LN -1 -1 -1 -1 4 2
21 IN 22 23 3 1.5 3 -1
22 LN -1 -1 -1 -1 4 0
23 LN -1 -1 -1 -1 4 1
24 IN 25 28 2 8.5 2 -1
25 IN 26 27 3 0.5 3 -1
26 LN -1 -1 -1 -1 4 1
27 LN -1 -1 -1 -1 4 2
28 IN 29 30 1 0.5 3 -1
29 LN -1 -1 -1 -1 4 0
30 LN -1 -1 -1 -1 4 1

[TREE 42]
NB_NODES: 31
0 IN 1 16 1 0.5 0 -1
1 IN 2 9 3 8.5 1 -1
2 IN 3 6 3 0.5 2 -1
3 IN 4 5 2 8.5 3 -1
4 LN -1 -1 -1 -1 4 0
5 LN -1 -1 -1 -1 4 0
6 IN 7 8 0 7.5 3 -1
7 LN -1 -1 -1 -1 4 0
8 LN -1 -1 -1 -1 4 1
9 IN 10 13 2 0.5 2 -1
10 IN 11 12 0 6.5 3 -1
11 LN -1 -1 -1 -1 4 0
12 LN -1 -1 -1 -1 4 0
13 IN 14 15 0 8.5 3 -1
14 LN -1 -1 -1 -1 4 0
15 LN -1 -1 -1 -1 4 0
16 IN 17 24 3 1.5 1 -1
17 IN 18 21 3 0.5 2 -1
18 IN 19 20 1 8.5 3 -1
19 LN -1 -1 -1 -1 4 1
20 LN -1 -1 -1 -1 4 0
21 IN 22 23 0 7.5 3 -1
22 LN -1 -1 -1 -1 4 0
23 LN -1 -1 -1 -1 4 2
24 IN 25 28 3 7.5 2 -1
25 IN 26 27 2 0.5 3 -1
26 LN -1 -1 -1 -1 4 1
27 LN -1 -1 -1 -1 4 2
28 IN 29 30 0 7.5 3 -1
29 LN -1 -1 -1 -1 4 1
30 LN -1 -1 -1 -1 4 1

[TREE 43]
NB_NODES: 31
0 IN 1 16 1 0.5 0 -1
1 IN 2 9 3 8.5 1 -1
2 IN 3 6 0 7.5 2 -1
3 IN 4 5 2 0.5 3 -1
4 LN -1 -1 -1 -1 4 1
5 LN -1 -1 -1 -1 4 0
6 IN 7 8 3 0.5 3 -1
7 LN -1 -1 -1 -1 4 0
8 LN -1 -1 -1 -1 4 1
9 IN 10 13 0 6.5 2 -1
10 IN 11 12 2 2.5 3 -1
11 LN -1 -1 -1 -1 4 0
12 LN -1 -1 -1 -1 4 0
13 IN 14 15 2 0.5 3 -1
14 LN -1 -1 -1 -1 4 0
15 LN -1 -1 -1 -1 4 0
16 IN 17 24 1 8.5 1 -1
17 IN 18 21 0 6.5 2 -1
18 IN 19 20 3 6.5 3 -1
19 LN -1 -1 -1 -1 4 2
20 LN -1 -1 -1 -1 4 1
21 IN 22 23 2 8.5 3 -1
22 LN -1 -1 -1 -1 4 2
23 LN -1 -1 -1 -1 4 1
24 IN 25 28 2 0.5 2 -1
25 IN 26 27 3 2.5 3 -1
26 LN -1 -1 -1 -1 4 0
27 LN -1 -1 -1 -1 4 1
28 IN 29 30 0 5.5 3 -1
29 LN -1 -1 -1 -1 4 0
30 LN -1 -1 -1 -1 4 0

[TREE 44]
NB_NODES: 31
0 IN 1 16 2 7.5 0 -1
1 IN 2 9 1 8.5 1 -1
2 IN 3 6 2 1.5 2 -1
3 IN 4 5 1 0.5 3 -1
4 LN -1 -1 -1 -1 4 0
5 LN -1 -1 -1 -1 4 1
6 IN 7 8 0 4.5 3 -1
7 LN -1 -1 -1 -1 4 2
8 LN -1 -1 -1 -1 4 2
9 IN 10 13 0 5.5 2 -1
10 IN 11 12 2 4.5 3 -1
11 LN -1 -1 -1 -1 4 0
12 LN -1 -1 -1 -1 4 0
13 IN 14 15 3 8.5 3 -1
14 LN -1 -1 -1 -1 4 0
15 LN -1 -1 -1 -1 4 1
16 IN 17 24 2 8.5 1 -1
17 IN 18 21 3 1.5 2 -1
18 IN 19 20 1 6.5 3 -1
19 LN -1 -1 -1 -1 4 0
20 LN -1 -1 -1 -1 4 1
21 IN 22 23 0 7.5 3 -1
22 LN -1 -1 -1 -1 4 1
23 LN -1 -1 -1 -1 4 2
24 IN 25 28 3 0.5 2 -1
25 IN 26 27 0 7.5 3 -1
26 LN -1 -1 -1 -1 4 0
27 LN -1 -1 -1 -1 4 0
28 IN 29 30 3 8.5 3 -1
29 LN -1 -1 -1 -1 4 1
30 LN -1 -1 -1 -1 4 0

[TREE 45]
NB_NODES: 31
0 IN 1 16 2 7.5 0 -1
1 IN 2 9 3 1.5 1 -1
2 IN 3 6 0 7.5 2 -1
3 IN 4 5 2 3.5 3 -1
4 LN -1 -1 -1 -1 4 1
5 LN -1 -1 -1 -1 4 0
6 IN 7 8 3 0.5 3 -1
7 LN -1 -1 -1 -1 4 0
8 LN -1 -1 -1 -1 4 2
9 IN 10 13 3 7.5 2 -1
10 IN 11 12 3 6.5 3 -1
11 LN -1 -1 -1 -1 4 2
12 LN -1 -1 -1 -1 4 2
13 IN 14 15 2 0.5 3 -1
14 LN -1 -1 -1 -1 4 0
15 LN -1 -1 -1 -1 4 1
16 IN 17 24 3 1.5 1 -1
17 IN 18 21 0 7.5 2 -1
18 IN 19 20 1 6.5 3 -1
19 LN -1 -1 -1 -1 4 0
20 LN -1 -1 -1 -1 4 0
21 IN 22 23 2 8.5 3 -1
22 LN -1 -1 -1 -1 4 1
23 LN -1 -1 -1 -1 4 0
24 IN 25 28 3 8.5 2 -1
25 IN 26 27 1 1.5 3 -1
26 LN -1 -1 -1 -1 4 1
27 LN -1 -1 -1 -1 4 1
28 IN 29 30 0 5.5 3 -1
29 LN -1 -1 -1 -1 4 0
30 LN -1 -1 -1 -1 4 0

[TREE 46]
NB_NODES: 31
0 IN 1 16 2 7.5 0 -1
1 IN 2 9 1 0.5 1 -1
2 IN 3 6 2 0.5 2 -1
3 IN 4 5 3 8.5 3 -1
4 LN -1 -1 -1 -1 4 1
5 LN -1 -1 -1 -1 4 0
6 IN 7 8 3 1.5 3 -1
7 LN -1 -1 -1 -1 4 1
8 LN -1 -1 -1 -1 4 0
9 IN 10 13 3 1.5 2 -1
10 IN 11 12 0 7.5 3 -1
11 LN -1 -1 -1 -1 4 1
12 LN -1 -1 -1 -1 4 2
13 IN 14 15 0 4.5 3 -1
14 LN -1 -1 -1 -1 4 2
15 LN -1 -1 -1 -1 4 2
16 IN 17 24 2 8.5 1 -1
17 IN 18 21 0 7.5 2 -1
18 IN 19 20 3 2.5 3 -1
19 LN -1 -1 -1 -1 4 0
20 LN -1 -1 -1 -1 4 1
21 IN 22 23 0 8.5 3 -1
22 LN -1 -1 -1 -1 4 2
23 LN -1 -1 -1 -1 4 2
24 IN 25 28 3 0.5 2 -1
25 IN 26 27 0 7.5 3 -1
26 LN -1 -1 -1 -1 4 0
27 LN -1 -1 -1 -1 4 0
28 IN 29 30 3 8.5 3 -1
29 LN -1 -1 -1 -1 4 1
30 LN -1 -1 -1 -1 4 0

[TREE 47]
NB_NODES: 31
0 IN 1 16 2 7.5 0 -1
1 IN 2 9 1 8.5 1 -1
2 IN 3 6 2 1.5 2 -1
3 IN 4 5 0 3.5 3 -1
4 LN -1 -1 -1 -1 4 0
5 LN -1 -1 -1 -1 4 1
6 IN 7 8 1 0.5 3 -1
7 LN -1 -1 -1 -1 4 0
8 LN -1 -1 -1 -1 4 2
9 IN 10 13 2 0.5 2 -1
10 IN 11 12 3 6.5 3 -1
11 LN -1 -1 -1 -1 4 0
12 LN -1 -1 -1 -1 4 1
13 IN 14 15 0 7.5 3 -1
14 LN -1 -1 -1 -1 4 0
15 LN -1 -1 -1 -1 4 1
16 IN 17 24 2 8.5 1 -1
17 IN 18 21 0 7.5 2 -1
18 IN 19 20 0 1.5 3 -1
19 LN -1 -1 -1 -1 4 2
20 LN -1 -1 -1 -1 4 1
21 IN 22 23 1 8.5 3 -1
22 LN -1 -1 -1 -1 4 2
23 LN -1 -1 -1 -1 4 1
24 IN 25 28 1 8.5 2 -1
25 IN 26 27 3 0.5 3 -1
26 LN -1 -1 -1 -1 4 0
27 LN -1 -1 -1 -1 4 1
28 IN 29 30 0 7.5 3 -1
29 LN -1 -1 -1 -1 4 0
30 LN -1 -1 -1 -1 4 0

[TREE 48]
NB_NODES: 31
0 IN 1 16 1 0.5 0 -1
1 IN 2 9 3 8.5 1 -1
2 IN 3 6 3 0.5 2 -1
3 IN 4 5 2 8.5 3 -1
4 LN -1 -1 -1 -1 4 0
5 LN -1 -1 -1 -1 4 0
6 IN 7 8 0 8.5 3 -1
7 LN -1 -1 -1 -1 4 0
8 LN -1 -1 -1 -1 4 1
9 IN 10 13 2 3.5 2 -1
10 IN 11 12 0 6.5 3 -1
11 LN -1 -1 -1 -1 4 0
12 LN -1 -1 -1 -1 4 0
13 IN 14 15 2 8.5 3 -1
14 LN -1 -1 -1 -1 4 0
15 LN -1 -1 -1 -1 4 0
16 IN 17 24 1 8.5 1 -1
17 IN 18 21 0 6.5 2 -1
18 IN 19 20 3 2.5 3 -1
19 LN -1 -1 -1 -1 4 0
20 LN -1 -1 -1 -1 4 2
21 IN 22 23 2 8.5 3 -1
22 LN -1 -1 -1 -1 4 2
23 LN -1 -1 -1 -1 4 1
24 IN 25 28 0 5.5 2 -1
25 IN 26 27 0 4.5 3 -1
26 LN -1 -1 -1 -1 4 0
27 LN -1 -1 -1 -1 4 0
28 IN 29 30 0 8.5 3 -1
29 LN -1 -1 -1 -1 4 0
30 LN -1 -1 -1 -1 4 0

[TREE 49]
NB_NODES: 31
0 IN 1 16 1 0.5 0 -1
1 IN 2 9 3 8.5 1 -1
2 IN 3 6 0 7.5 2 -1
3 IN 4 5 3 0.5 3 -1
4 LN -1 -1 -1 -1 4 0
5 LN -1 -1 -1 -1 4 0
6 IN 7 8 0 8.5 3 -1
7 LN -1 -1 -1 -1 4 1
8 LN -1 -1 -1 -1 4 0
9 IN 10 13 0 6.5 2 -1
10 IN 11 12 0 5.5 3 -1
11 LN -1 -1 -1 -1 4 0
12 LN -1 -1 -1 -1 4 0
13 IN 14 15 0 8.5 3 -1
14 LN -1 -1 -1 -1 4 0
15 LN -1 -1 -1 -1 4 0
16 IN 17 24 1 8.5 1 -1
17 IN 18 21 2 7.5 2 -1
18 IN 19 20 0 5.5 3 -1
19 LN -1 -1 -1 -1 4 2
20 LN -1 -1 -1 -1 4 2
21 IN 22 23 0 7.5 3 -1
22 LN -1 -1 -1 -1 4 1
23 LN -1 -1 -1 -1 4 2
24 IN 25 28 3 2.5 2 -1
25 IN 26 27 0 8.5 3 -1
26 LN -1 -1 -1 -1 4 0
27 LN -1 -1 -1 -1 4 0
28 IN 29 30 3 8.5 3 -1
29 LN -1 -1 -1 -1 4 0
30 LN -1 -1 -1 -1 4 0

[TREE 50]
NB_NODES: 31
0 IN 1 16 3 1.5 0 -1
1 IN 2 9 1 8.5 1 -1
2 IN 3 6 0 7.5 2 -1
3 IN 4 5 3 0.5 3 -1
4 LN -1 -1 -1 -1 4 0
5 LN -1 -1 -1 -1 4 0
6 IN 7 8 3 0.5 3 -1
7 LN -1 -1 -1 -1 4 1
8 LN -1 -1 -1 -1 4 2
9 IN 10 13 0 8.5 2 -1
10 IN 11 12 0 4.5 3 -1
11 LN -1 -1 -1 -1 4 0
12 LN -1 -1 -1 -1 4 0
13 IN 14 15 3 0.5 3 -1
14 LN -1 -1 -1 -1 4 0
15 LN -1 -1 -1 -1 4 1
16 IN 17 24 2 7.5 1 -1
17 IN 18 21 3 7.5 2 -1
18 IN 19 20 0 3.5 3 -1
19 LN -1 -1 -1 -1 4 2
20 LN -1 -1 -1 -1 4 2
21 IN 22 23 1 0.5 3 -1
22 LN -1 -1 -1 -1 4 0
23 LN -1 -1 -1 -1 4 1
24 IN 25 28 2 8.5 2 -1
25 IN 26 27 0 7.5 3 -1
26 LN -1 -1 -1 -1 4 1
27 LN -1 -1 -1 -1 4 2
28 IN 29 30 0 5.5 3 -1
29 LN -1 -1 -1 -1 4 0
30 LN -1 -1 -1 -1 4 1

[TREE 51]
NB_NODES: 31
0 IN 1 16 2 7.5 0 -1
1 IN 2 9 2 1.5 1 -1
2 IN 3 6 2 0.5 2 -1
3 IN 4 5 0 4.5 3 -1
4 LN -1 -1 -1 -1 4 0
5 LN -1 -1 -1 -1 4 1
6 IN 7 8 0 7.5 3 -1
7 LN -1 -1 -1 -1 4 1
8 LN -1 -1 -1 -1 4 2
9 IN 10 13 0 4.5 2 -1
10 IN 11 12 0 3.5 3 -1
11 LN -1 -1 -1 -1 4 2
12 LN -1 -1 -1 -1 4 2
13 IN 14 15 3 0.5 3 -1
14 LN -1 -1 -1 -1 4 1
15 LN -1 -1 -1 -1 4 2
16 IN 17 24 2 8.5 1 -1
17 IN 18 21 3 1.5 2 -1
18 IN 19 20 0 8.5 3 -1
19 LN -1 -1 -1 -1 4 0
20 LN -1 -1 -1 -1 4 2
21 IN 22 23 0 7.5 3 -1
22 LN -1 -1 -1 -1 4 1
23 LN -1 -1 -1 -1 4 2
24 IN 25 28 0 5.5 2 -1
25 IN 26 27 1 7.5 3 -1
26 LN -1 -1 -1 -1 4 0
27 LN -1 -1 -1 -1 4 0
28 IN 29 30 3 0.5 3 -1
29 LN -1 -1 -1 -1 4 0
30 LN -1 -1 -1 -1 4 1

[TREE 52]
NB_NODES: 31
0 IN 1 16 2 7.5 0 -1
1 IN 2 9 1 0.5 1 -1
2 IN 3 6 3 6.5 2 -1
3 IN 4 5 2 5.5 3 -1
4 LN -1 -1 -1 -1 4 1
5 LN -1 -1 -1 -1 4 1
6 IN 7 8 3 8.5 3 -1
7 LN -1 -1 -1 -1 4 0
8 LN -1 -1 -1 -1 4 0
9 IN 10 13 1 8.5 2 -1
10 IN 11 12 3 7.5 3 -1
11 LN -1 -1 -1 -1 4 2
12 LN -1 -1 -1 -1 4 1
13 IN 14 15 3 8.5 3 -1
14 LN -1 -1 -1 -1 4 0
15 LN -1 -1 -1 -1 4 1
16 IN 17 24 0 7.5 1 -1
17 IN 18 21 1 8.5 2 -1
18 IN 19 20 3 2.5 3 -1
19 LN -1 -1 -1 -1 4 0
20 LN -1 -1 -1 -1 4 1
21 IN 22 23 3 2.5 3 -1
22 LN -1 -1 -1 -1 4 0
23 LN -1 -1 -1 -1 4 0
24 IN 25 28 2 8.5 2 -1
25 IN 26 27 3 0.5 3 -1
26 LN -1 -1 -1 -1 4 1
27 LN -1 -1 -1 -1 4 2
28 IN 29 30 3 0.5 3 -1
29 LN -1 -1 -1 -1 4 0
30 LN -1 -1 -1 -1 4 1

[TREE 53]
NB_NODES: 31
0 IN 1 16 3 1.5 0 -1
1 IN 2 9 3 0.5 1 -1
2 IN 3 6 0 7.5 2 -1
3 IN 4 5 1 5.5 3 -1
4 LN -1 -1 -1 -1 4 0
5 LN -1 -1 -1 -1 4 0
6 IN 7 8 1 8.5 3 -1
7 LN -1 -1 -1 -1 4 1
8 LN -1 -1 -1 -1 4 0
9 IN 10 13 1 8.5 2 -1
10 IN 11 12 2 1.5 3 -1
11 LN -1 -1 -1 -1 4 1
12 LN -1 -1 -1 -1 4 0
13 IN 14 15 0 7.5 3 -1
14 LN -1 -1 -1 -1 4 0
15 LN -1 -1 -1 -1 4 1
16 IN 17 24 2 7.5 1 -1
17 IN 18 21 3 7.5 2 -1
18 IN 19 20 0 3.5 3 -1
19 LN -1 -1 -1 -1 4 2
20 LN -1 -1 -1 -1 4 2
21 IN 22 23 2 1.5 3 -1
22 LN -1 -1 -1 -1 4 1
23 LN -1 -1 -1 -1 4 0
24 IN 25 28 0 7.5 2 -1
25 IN 26 27 0 1.5 3 -1
26 LN -1 -1 -1 -1 4 2
27 LN -1 -1 -1 -1 4 1
28 IN 29 30 2 8.5 3 -1
29 LN -1 -1 -1 -1 4 2
30 LN -1 -1 -1 -1 4 0

[TREE 54]
NB_NODES: 31
0 IN 1 16 1 0.5 0 -1
1 IN 2 9 3 8.5 1 -1
2 IN 3 6 0 7.5 2 -1
3 IN 4 5 3 0.5 3 -1
4 LN -1 -1 -1 -1 4 0
5 LN -1 -1 -1 -1 4 0
6 IN 7 8 0 8.5 3 -1
7 LN -1 -1 -1 -1 4 1
8 LN -1 -1 -1 -1 4 0
9 IN 10 13 0 6.5 2 -1
10 IN 11 12 2 8.5 3 -1
11 LN -1 -1 -1 -1 4 0
12 LN -1 -1 -1 -1 4 0
13 IN 14 15 0 8.5 3 -1
14 LN -1 -1 -1 -1 4 0
15 LN -1 -1 -1 -1 4 0
16 IN 17 24 3 1.5 1 -1
17 IN 18 21 1 8.5 2 -1
18 IN 19 20 0 7.5 3 -1
19 LN -1 -1 -1 -1 4 0
20 LN -1 -1 -1 -1 4 2
21 IN 22 23 0 8.5 3 -1
22 LN -1 -1 -1 -1 4 0
23 LN -1 -1 -1 -1 4 0
24 IN 25 28 2 7.5 2 -1
25 IN 26 27 2 0.5 3 -1
26 LN -1 -1 -1 -1 4 1
27 LN -1 -1 -1 -1 4 2
28 IN 29 30 2 8.5 3 -1
29 LN -1 -1 -1 -1 4 1
30 LN -1 -1 -1 -1 4 1

[TREE 55]
NB_NODES: 31
0 IN 1 16 3 1.5 0 -1
1 IN 2 9 0 7.5 1 -1
2 IN 3 6 3 0.5 2 -1
3 IN 4 5 1 1.5 3 -1
4 LN -1 -1 -1 -1 4 0
5 LN -1 -1 -1 -1 4 0
6 IN 7 8 2 6.5 3 -1
7 LN -1 -1 -1 -1 4 1
8 LN -1 -1 -1 -1 4 0
9 IN 10 13 3 0.5 2 -1
10 IN 11 12 1 8.5 3 -1
11 LN -1 -1 -1 -1 4 1
12 LN -1 -1 -1 -1 4 0
13 IN 14 15 0 8.5 3 -1
14 LN -1 -1 -1 -1 4 2
15 LN -1 -1 -1 -1 4 2
16 IN 17 24 2 7.5 1 -1
17 IN 18 21 2 0.5 2 -1
18 IN 19 20 0 4.5 3 -1
19 LN -1 -1 -1 -1 4 0
20 LN -1 -1 -1 -1 4 1
21 IN 22 23 0 4.5 3 -1
22 LN -1 -1 -1 -1 4 2
23 LN -1 -1 -1 -1 4 2
24 IN 25 28 3 8.5 2 -1
25 IN 26 27 2 8.5 3 -1
26 LN -1 -1 -1 -1 4 1
27 LN -1 -1 -1 -1 4 1
28 IN 29 30 2 8.5 3 -1
29 LN -1 -1 -1 -1 4 0
30 LN -1 -1 -1 -1 4 0

[TREE 56]
NB_NODES: 31
0 IN 1 16 1 0.5 0 -1
1 IN 2 9 0 6.5 1 -1
2 IN 3 6 2 0.5 2 -1
3 IN 4 5 0 5.5 3 -1
4 LN -1 -1 -1 -1 4 0
5 LN -1 -1 -1 -1 4 1
6 IN 7 8 3 1.5 3 -1
7 LN -1 -1 -1 -1 4 0
8 LN -1 -1 -1 -1 4 0
9 IN 10 13 3 8.5 2 -1
10 IN 11 12 2 4.5 3 -1
11 LN -1 -1 -1 -1 4 0
12 LN -1 -1 -1 -1 4 0
13 IN 14 15 0 8.5 3 -1
14 LN -1 -1 -1 -1 4 0
15 LN -1 -1 -1 -1 4 0
16 IN 17 24 2 7.5 1 -1
17 IN 18 21 2 1.5 2 -1
18 IN 19 20 2 0.5 3 -1
19 LN -1 -1 -1 -1 4 0
20 LN -1 -1 -1 -1 4 1
21 IN 22 23 1 8.5 3 -1
22 LN -1 -1 -1 -1 4 2
23 LN -1 -1 -1 -1 4 0
24 IN 25 28 2 8.5 2 -1
25 IN 26 27 0 7.5 3 -1
26 LN -1 -1 -1 -1 4 1
27 LN -1 -1 -1 -1 4 2
28 IN 29 30 0 5.5 3 -1
29 LN -1 -1 -1 -1 4 0
30 LN -1 -1 -1 -1 4 1

[TREE 57]
NB_NODES: 31
0 IN 1 16 1 0.5 0 -1
1 IN 2 9 3 8.5 1 -1
2 IN 3 6 2 4.5 2 -1
3 IN 4 5 3 5.5 3 -1
4 LN -1 -1 -1 -1 4 1
5 LN -1 -1 -1 -1 4 0
6 IN 7 8 3 0.5 3 -1
7 LN -1 -1 -1 -1 4 0
8 LN -1 -1 -1 -1 4 1
9 IN 10 13 0 6.5 2 -1
10 IN 11 12 0 5.5 3 -1
11 LN -1 -1 -1 -1 4 0
12 LN -1 -1 -1 -1 4 0
13 IN 14 15 0 8.5 3 -1
14 LN -1 -1 -1 -1 4 0
15 LN -1 -1 -1 -1 4 0
16 IN 17 24 1 8.5 1 -1
17 IN 18 21 0 6.5 2 -1
18 IN 19 20 3 6.5 3 -1
19 LN -1 -1 -1 -1 4 2
20 LN -1 -1 -1 -1 4 1
21 IN 22 23 3 0.5 3 -1
22 LN -1 -1 -1 -1 4 1
23 LN -1 -1 -1 -1 4 2
24 IN 25 28 2 8.5 2 -1
25 IN 26 27 3 8.5 3 -1
26 LN -1 -1 -1 -1 4 0
27 LN -1 -1 -1 -1 4 1
28 IN 29 30 0 8.5 3 -1
29 LN -1 -1 -1 -1 4 0
30 LN -1 -1 -1 -1 4 0

[TREE 58]
NB_NODES: 31
0 IN 1 16 3 1.5 0 -1
1 IN 2 9 0 7.5 1 -1
2 IN 3 6 0 3.5 2 -1
3 IN 4 5 2 2.5 3 -1
4 LN -1 -1 -1 -1 4 0
5 LN -1 -1 -1 -1 4 0
6 IN 7 8 2 7.5 3 -1
7 LN -1 -1 -1 -1 4 1
8 LN -1 -1 -1 -1 4 0
9 IN 10 13 1 8.5 2 -1
10 IN 11 12 1 0.5 3 -1
11 LN -1 -1 -1 -1 4 0
12 LN -1 -1 -1 -1 4 2
13 IN 14 15 3 0.5 3 -1
14 LN -1 -1 -1 -1 4 0
15 LN -1 -1 -1 -1 4 0
16 IN 17 24 3 7.5 1 -1
17 IN 18 21 1 0.5 2 -1
18 IN 19 20 2 8.5 3 -1
19 LN -1 -1 -1 -1 4 0
20 LN -1 -1 -1 -1 4 1
21 IN 22 23 0 4.5 3 -1
22 LN -1 -1 -1 -1 4 2
23 LN -1 -1 -1 -1 4 2
24 IN 25 28 0 7.5 2 -1
25 IN 26 27 1 0.5 3 -1
26 LN -1 -1 -1 -1 4 0
27 LN -1 -1 -1 -1 4 1
28 IN 29 30 3 8.5 3 -1
29 LN -1 -1 -1 -1 4 2
30 LN -1 -1 -1 -1 4 0

[TREE 59]
NB_NODES: 31
0 IN 1 16 3 1.5 0 -1
1 IN 2 9 1 8.5 1 -1
2 IN 3 6 3 0.5 2 -1
3 IN 4 5 2 7.5 3 -1
4 LN -1 -1 -1 -1 4 1
5 LN -1 -1 -1 -1 4 0
6 IN 7 8 0 7.5 3 -1
7 LN -1 -1 -1 -1 4 0
8 LN -1 -1 -1 -1 4 2
9 IN 10 13 0 8.5 2 -1
10 IN 11 12 2 8.5 3 -1
11 LN -1 -1 -1 -1 4 0
12 LN -1 -1 -1 -1 4 0
13 IN 14 15 2 8.5 3 -1
14 LN -1 -1 -1 -1 4 0
15 LN -1 -1 -1 -1 4 0
16 IN 17 24 3 7.5 1 -1
17 IN 18 21 2 7.5 2 -1
18 IN 19 20 0 3.5 3 -1
19 LN -1 -1 -1 -1 4 2
20 LN -1 -1 -1 -1 4 2
21 IN 22 23 2 8.5 3 -1
22 LN -1 -1 -1 -1 4 1
23 LN -1 -1 -1 -1 4 1
24 IN 25 28 1 0.5 2 -1
25 IN 26 27 0 6.5 3 -1
26 LN -1 -1 -1 -1 4 0
27 LN -1 -1 -1 -1 4 0
28 IN 29 30 1 1.5 3 -1
29 LN -1 -1 -1 -1 4 2
30 LN -1 -1 -1 -1 4 1

[TREE 60]
NB_NODES: 31
0 IN 1 16 2 7.5 0 -1
1 IN 2 9 3 1.5 1 -1
2 IN 3 6 2 1.5 2 -1
3 IN 4 5 1 8.5 3 -1
4 LN -1 -1 -1 -1 4 1
5 LN -1 -1 -1 -1 4 0
6 IN 7 8 0 7.5 3 -1
7 LN -1 -1 -1 -1 4 0
8 LN -1 -1 -1 -1 4 2
9 IN 10 13 2 0.5 2 -1
10 IN 11 12 3 6.5 3 -1
11 LN -1 -1 -1 -1 4 0
12 LN -1 -1 -1 -1 4 0
13 IN 14 15 3 6.5 3 -1
14 LN -1 -1 -1 -1 4 2
15 LN -1 -1 -1 -1 4 1
16 IN 17 24 0 7.5 1 -1
17 IN 18 21 0 1.5 2 -1
18 IN 19 20 3 5.5 3 -1
19 LN -1 -1 -1 -1 4 0
20 LN -1 -1 -1 -1 4 2
21 IN 22 23 3 1.5 3 -1
22 LN -1 -1 -1 -1 4 0
23 LN -1 -1 -1 -1 4 1
24 IN 25 28 1 8.5 2 -1
25 IN 26 27 2 8.5 3 -1
26 LN -1 -1 -1 -1 4 2
27 LN -1 -1 -1 -1 4 1
28 IN 29 30 2 8.5 3 -1
29 LN -1 -1 -1 -1 4 1
30 LN -1 -1 -1 -1 4 0

[TREE 61]
NB_NODES: 31
0 IN 1 16 1 0.5 0 -1
1 IN 2 9 3 8.5 1 -1
2 IN 3 6 0 7.5 2 -1
3 IN 4 5 2 0.5 3 -1
4 LN -1 -1 -1 -1 4 1
5 LN -1 -1 -1 -1 4 0
6 IN 7 8 2 8.5 3 -1
7 LN -1 -1 -1 -1 4 1
8 LN -1 -1 -1 -1 4 0
9 IN 10 13 2 7.5 2 -1
10 IN 11 12 0 6.5 3 -1
11 LN -1 -1 -1 -1 4 0
12 LN -1 -1 -1 -1 4 0
13 IN 14 15 2 8.5 3 -1
14 LN -1 -1 -1 -1 4 0
15 LN -1 -1 -1 -1 4 0
16 IN 17 24 2 7.5 1 -1
17 IN 18 21 1 8.5 2 -1
18 IN 19 20 0 5.5 3 -1
19 LN -1 -1 -1 -1 4 2
20 LN -1 -1 -1 -1 4 2
21 IN 22 23 0 5.5 3 -1
22 LN -1 -1 -1 -1 4 0
23 LN -1 -1 -1 -1 4 0
24 IN 25 28 2 8.5 2 -1
25 IN 26 27 3 1.5 3 -1
26 LN -1 -1 -1 -1 4 0
27 LN -1 -1 -1 -1 4 1
28 IN 29 30 0 5.5 3 -1
29 LN -1 -1 -1 -1 4 0
30 LN -1 -1 -1 -1 4 1

[TREE 62]
NB_NODES: 31
0 IN 1 16 3 1.5 0 -1
1 IN 2 9 1 8.5 1 -1
2 IN 3 6 0 7.5 2 -1
3 IN 4 5 0 3.5 3 -1
4 LN -1 -1 -1 -1 4 0
5 LN -1 -1 -1 -1 4 0
6 IN 7 8 3 0.5 3 -1
7 LN -1 -1 -1 -1 4 1
8 LN -1 -1 -1 -1 4 2
9 IN 10 13 0 8.5 2 -1
10 IN 11 12 3 0.5 3 -1
11 LN -1 -1 -1 -1 4 0
12 LN -1 -1 -1 -1 4 0
13 IN 14 15 3 0.5 3 -1
14 LN -1 -1 -1 -1 4 0
15 LN -1 -1 -1 -1 4 1
16 IN 17 24 2 0.5 1 -1
17 IN 18 21 1 2.5 2 -1
18 IN 19 20 0 4.5 3 -1
19 LN -1 -1 -1 -1 4 0
20 LN -1 -1 -1 -1 4 0
21 IN 22 23 0 4.5 3 -1
22 LN -1 -1 -1 -1 4 0
23 LN -1 -1 -1 -1 4 1
24 IN 25 28 3 7.5 2 -1
25 IN 26 27 1 0.5 3 -1
26 LN -1 -1 -1 -1 4 0
27 LN -1 -1 -1 -1 4 2
28 IN 29 30 0 7.5 3 -1
29 LN -1 -1 -1 -1 4 1
30 LN -1 -1 -1 -1 4 1

[TREE 63]
NB_NODES: 31
0 IN 1 16 2 7.5 0 -1
1 IN 2 9 2 1.5 1 -1
2 IN 3 6 2 0.5 2 -1
3 IN 4 5 1 0.5 3 -1
4 LN -1 -1 -1 -1 4 0
5 LN -1 -1 -1 -1 4 0
6 IN 7 8 3 1.5 3 -1
7 LN -1 -1 -1 -1 4 1
8 LN -1 -1 -1 -1 4 1
9 IN 10 13 3 1.5 2 -1
10 IN 11 12 0 7.5 3 -1
11 LN -1 -1 -1 -1 4 1
12 LN -1 -1 -1 -1 4 2
13 IN 14 15 0 3.5 3 -1
14 LN -1 -1 -1 -1 4 2
15 LN -1 -1 -1 -1 4 2
16 IN 17 24 0 7.5 1 -1
17 IN 18 21 3 1.5 2 -1
18 IN 19 20 0 3.5 3 -1
19 LN -1 -1 -1 -1 4 0
20 LN -1 -1 -1 -1 4 0
21 IN 22 23 3 8.5 3 -1
22 LN -1 -1 -1 -1 4 1
23 LN -1 -1 -1 -1 4 0
24 IN 25 28 1 8.5 2 -1
25 IN 26 27 2 8.5 3 -1
26 LN -1 -1 -1 -1 4 2
27 LN -1 -1 -1 -1 4 1
28 IN 29 30 3 1.5 3 -1
29 LN -1 -1 -1 -1 4 0
30 LN -1 -1 -1 -1 4 0

[TREE 64]
NB_NODES: 31
0 IN 1 16 3 1.5 0 -1
1 IN 2 9 3 0.5 1 -1
2 IN 3 6 1 8.5 2 -1
3 IN 4 5 2 8.5 3 -1
4 LN -1 -1 -1 -1 4 1
5 LN -1 -1 -1 -1 4 0
6 IN 7 8 0 8.5 3 -1
7 LN -1 -1 -1 -1 4 0
8 LN -1 -1 -1 -1 4 0
9 IN 10 13 2 1.5 2 -1
10 IN 11 12 1 8.5 3 -1
11 LN -1 -1 -1 -1 4 1
12 LN -1 -1 -1 -1 4 0
13 IN 14 15 0 7.5 3 -1
14 LN -1 -1 -1 -1 4 0
15 LN -1 -1 -1 -1 4 2
16 IN 17 24 2 7.5 1 -1
17 IN 18 21 1 0.5 2 -1
18 IN 19 20 0 5.5 3 -1
19 LN -1 -1 -1 -1 4 0
20 LN -1 -1 -1 -1 4 0
21 IN 22 23 0 4.5 3 -1
22 LN -1 -1 -1 -1 4 2
23 LN -1 -1 -1 -1 4 2
24 IN 25 28 3 8.5 2 -1
25 IN 26 27 2 8.5 3 -1
26 LN -1 -1 -1 -1 4 1
27 LN -1 -1 -1 -1 4 1
28 IN 29 30 0 6.5 3 -1
29 LN -1 -1 -1 -1 4 0
30 LN -1 -1 -1 -1 4 0

[TREE 65]
NB_NODES: 31
0 IN 1 16 2 7.5 0 -1
1 IN 2 9 2 1.5 1 -1
2 IN 3 6 2 0.5 2 -1
3 IN 4 5 1 3.5 3 -1
4 LN -1 -1 -1 -1 4 0
5 LN -1 -1 -1 -1 4 1
6 IN 7 8 0 7.5 3 -1
7 LN -1 -1 -1 -1 4 1
8 LN -1 -1 -1 -1 4 2
9 IN 10 13 1 8.5 2 -1
10 IN 11 12 1 0.5 3 -1
11 LN -1 -1 -1 -1 4 0
12 LN -1 -1 -1 -1 4 2
13 IN 14 15 0 7.5 3 -1
14 LN -1 -1 -1 -1 4 0
15 LN -1 -1 -1 -1 4 1
16 IN 17 24 0 7.5 1 -1
17 IN 18 21 3 2.5 2 -1
18 IN 19 20 1 4.5 3 -1
19 LN -1 -1 -1 -1 4 0
20 LN -1 -1 -1 -1 4 0
21 IN 22 23 3 8.5 3 -1
22 LN -1 -1 -1 -1 4 1
23 LN -1 -1 -1 -1 4 0
24 IN 25 28 2 8.5 2 -1
25 IN 26 27 0 8.5 3 -1
26 LN -1 -1 -1 -1 4 2
27 LN -1 -1 -1 -1 4 2
28 IN 29 30 0 8.5 3 -1
29 LN -1 -1 -1 -1 4 0
30 LN -1 -1 -1 -1 4 0

[TREE 66]
NB_NODES: 31
0 IN 1 16 3 1.5 0 -1
1 IN 2 9 0 7.5 1 -1
2 IN 3 6 0 3.5 2 -1
3 IN 4 5 1 7.5 3 -1
4 LN -1 -1 -1 -1 4 0
5 LN -1 -1 -1 -1 4 0
6 IN 7 8 3 0.5 3 -1
7 LN -1 -1 -1 -1 4 0
8 LN -1 -1 -1 -1 4 1
9 IN 10 13 3 0.5 2 -1
10 IN 11 12 1 8.5 3 -1
11 LN -1 -1 -1 -1 4 0
12 LN -1 -1 -1 -1 4 0
13 IN 14 15 0 8.5 3 -1
14 LN -1 -1 -1 -1 4 2
15 LN -1 -1 -1 -1 4 2
16 IN 17 24 3 7.5 1 -1
17 IN 18 21 2 7.5 2 -1
18 IN 19 20 3 6.5 3 -1
19 LN -1 -1 -1 -1 4 2
20 LN -1 -1 -1 -1 4 2
21 IN 22 23 1 8.5 3 -1
22 LN -1 -1 -1 -1 4 1
23 LN -1 -1 -1 -1 4 0
24 IN 25 28 0 7.5 2 -1
25 IN 26 27 1 1.5 3 -1
26 LN -1 -1 -1 -1 4 0
27 LN -1 -1 -1 -1 4 1
28 IN 29 30 3 8.5 3 -1
29 LN -1 -1 -1 -1 4 2
30 LN -1 -1 -1 -1 4 0

[TREE 67]
NB_NODES: 31
0 IN 1 16 2 7.5 0 -1
1 IN 2 9 2 1.5 1 -1
2 IN 3 6 2 0.5 2 -1
3 IN 4 5 1 2.5 3 -1
4 LN -1 -1 -1 -1 4 0
5 LN -1 -1 -1 -1 4 1
6 IN 7 8 3 1.5 3 -1
7 LN -1 -1 -1 -1 4 1
8 LN -1 -1 -1 -1 4 1
9 IN 10 13 3 1.5 2 -1
10 IN 11 12 1 8.5 3 -1
11 LN -1 -1 -1 -1 4 0
12 LN -1 -1 -1 -1 4 0
13 IN 14 15 3 6.5 3 -1
14 LN -1 -1 -1 -1 4 2
15 LN -1 -1 -1 -1 4 2
16 IN 17 24 0 7.5 1 -1
17 IN 18 21 1 1.5 2 -1
18 IN 19 20 3 0.5 3 -1
19 LN -1 -1 -1 -1 4 0
20 LN -1 -1 -1 -1 4 0
21 IN 22 23 2 8.5 3 -1
22 LN -1 -1 -1 -1 4 1
23 LN -1 -1 -1 -1 4 0
24 IN 25 28 2 8.5 2 -1
25 IN 26 27 1 8.5 3 -1
26 LN -1 -1 -1 -1 4 2
27 LN -1 -1 -1 -1 4 1
28 IN 29 30 1 0.5 3 -1
29 LN -1 -1 -1 -1 4 0
30 LN -1 -1 -1 -1 4 1

[TREE 68]
NB_NODES: 31
0 IN 1 16 3 1.5 0 -1
1 IN 2 9 0 7.5 1 -1
2 IN 3 6 0 3.5 2 -1
3 IN 4 5 2 2.5 3 -1
4 LN -1 -1 -1 -1 4 0
5 LN -1 -1 -1 -1 4 0
6 IN 7 8 2 7.5 3 -1
7 LN -1 -1 -1 -1 4 1
8 LN -1 -1 -1 -1 4 0
9 IN 10 13 3 0.5 2 -1
10 IN 11 12 0 8.5 3 -1
11 LN -1 -1 -1 -1 4 0
12 LN -1 -1 -1 -1 4 0
13 IN 14 15 0 8.5 3 -1
14 LN -1 -1 -1 -1 4 2
15 LN -1 -1 -1 -1 4 2
16 IN 17 24 3 7.5 1 -1
17 IN 18 21 0 4.5 2 -1
18 IN 19 20 0 3.5 3 -1
19 LN -1 -1 -1 -1 4 2
20 LN -1 -1 -1 -1 4 2
21 IN 22 23 1 0.5 3 -1
22 LN -1 -1 -1 -1 4 1
23 LN -1 -1 -1 -1 4 2
24 IN 25 28 1 0.5 2 -1
25 IN 26 27 3 8.5 3 -1
26 LN -1 -1 -1 -1 4 0
27 LN -1 -1 -1 -1 4 0
28 IN 29 30 0 7.5 3 -1
29 LN -1 -1 -1 -1 4 1
30 LN -1 -1 -1 -1 4 1

[TREE 69]
NB_NODES: 31
0 IN 1 16 1 0.5 0 -1
1 IN 2 9 0 6.5 1 -1
2 IN 3 6 3 2.5 2 -1
3 IN 4 5 2 7.5 3 -1
4 LN -1 -1 -1 -1 4 1
5 LN -1 -1 -1 -1 4 0
6 IN 7 8 0 5.5 3 -1
7 LN -1 -1 -1 -1 4 0
8 LN -1 -1 -1 -1 4 0
9 IN 10 13 3 8.5 2 -1
10 IN 11 12 3 0.5 3 -1
11 LN -1 -1 -1 -1 4 0
12 LN -1 -1 -1 -1 4 1
13 IN 14 15 2 2.5 3 -1
14 LN -1 -1 -1 -1 4 0
15 LN -1 -1 -1 -1 4 0
16 IN 17 24 2 7.5 1 -1
17 IN 18 21 3 1.5 2 -1
18 IN 19 20 0 7.5 3 -1
19 LN -1 -1 -1 -1 4 1
20 LN -1 -1 -1 -1 4 2
21 IN 22 23 2 0.5 3 -1
22 LN -1 -1 -1 -1 4 1
23 LN -1 -1 -1 -1 4 2
24 IN 25 28 0 7.5 2 -1
25 IN 26 27 3 2.5 3 -1
26 LN -1 -1 -1 -1 4 0
27 LN -1 -1 -1 -1 4 1
28 IN 29 30 1 8.5 3 -1
29 LN -1 -1 -1 -1 4 2
30 LN -1 -1 -1 -1 4 0

[TREE 70]
NB_NODES: 31
0 IN 1 16 2 7.5 0 -1
1 IN 2 9 1 0.5 1 -1
2 IN 3 6 3 6.5 2 -1
3 IN 4 5 0 6.5 3 -1
4 LN -1 -1 -1 -1 4 1
5 LN -1 -1 -1 -1 4 0
6 IN 7 8 2 0.5 3 -1
7 LN -1 -1 -1 -1 4 0
8 LN -1 -1 -1 -1 4 0
9 IN 10 13 3 1.5 2 -1
10 IN 11 12 0 7.5 3 -1
11 LN -1 -1 -1 -1 4 1
12 LN -1 -1 -1 -1 4 2
13 IN 14 15 0 4.5 3 -1
14 LN -1 -1 -1 -1 4 2
15 LN -1 -1 -1 -1 4 2
16 IN 17 24 3 1.5 1 -1
17 IN 18 21 2 8.5 2 -1
18 IN 19 20 0 8.5 3 -1
19 LN -1 -1 -1 -1 4 0
20 LN -1 -1 -1 -1 4 2
21 IN 22 23 1 0.5 3 -1
22 LN -1 -1 -1 -1 4 0
23 LN -1 -1 -1 -1 4 0
24 IN 25 28 3 8.5 2 -1
25 IN 26 27 2 8.5 3 -1
26 LN -1 -1 -1 -1 4 1
27 LN -1 -1 -1 -1 4 1
28 IN 29 30 2 8.5 3 -1
29 LN -1 -1 -1 -1 4 1
30 LN -1 -1 -1 -1 4 0

[TREE 71]
NB_NODES: 31
0 IN 1 16 2 7.5 0 -1
1 IN 2 9 2 1.5 1 -1
2 IN 3 6 2 0.5 2 -1
3 IN 4 5 0 4.5 3 -1
4 LN -1 -1 -1 -1 4 0
5 LN -1 -1 -1 -1 4 0
6 IN 7 8 3 1.5 3 -1
7 LN -1 -1 -1 -1 4 1
8 LN -1 -1 -1 -1 4 1
9 IN 10 13 3 1.5 2 -1
10 IN 11 12 1 8.5 3 -1
11 LN -1 -1 -1 -1 4 1
12 LN -1 -1 -1 -1 4 0
13 IN 14 15 1 8.5 3 -1
14 LN -1 -1 -1 -1 4 2
15 LN -1 -1 -1 -1 4 0
16 IN 17 24 2 8.5 1 -1
17 IN 18 21 0 7.5 2 -1
18 IN 19 20 3 3.5 3 -1
19 LN -1 -1 -1 -1 4 0
20 LN -1 -1 -1 -1 4 1
21 IN 22 23 1 8.5 3 -1
22 LN -1 -1 -1 -1 4 2
23 LN -1 -1 -1 -1 4 1
24 IN 25 28 0 5.5 2 -1
25 IN 26 27 1 7.5 3 -1
26 LN -1 -1 -1 -1 4 0
27 LN -1 -1 -1 -1 4 0
28 IN 29 30 1 8.5 3 -1
29 LN -1 -1 -1 -1 4 1
30 LN -1 -1 -1 -1 4 0

[TREE 72]
NB_NODES: 31
0 IN 1 16 2 7.5 0 -1
1 IN 2 9 2 1.5 1 -1
2 IN 3 6 0 2.5 2 -1
3 IN 4 5 1 5.5 3 -1
4 LN -1 -1 -1 -1 4 0
5 LN -1 -1 -1 -1 4 0
6 IN 7 8 2 0.5 3 -1
7 LN -1 -1 -1 -1 4 0
8 LN -1 -1 -1 -1 4 1
9 IN 10 13 3 1.5 2 -1
10 IN 11 12 3 0.5 3 -1
11 LN -1 -1 -1 -1 4 1
12 LN -1 -1 -1 -1 4 2
13 IN 14 15 0 3.5 3 -1
14 LN -1 -1 -1 -1 4 2
15 LN -1 -1 -1 -1 4 2
16 IN 17 24 3 0.5 1 -1
17 IN 18 21 0 7.5 2 -1
18 IN 19 20 1 5.5 3 -1
19 LN -1 -1 -1 -1 4 0
20 LN -1 -1 -1 -1 4 0
21 IN 22 23 1 0.5 3 -1
22 LN -1 -1 -1 -1 4 0
23 LN -1 -1 -1 -1 4 1
24 IN 25 28 0 7.5 2 -1
25 IN 26 27 1 1.5 3 -1
26 LN -1 -1 -1 -1 4 0
27 LN -1 -1 -1 -1 4 1
28 IN 29 30 2 8.5 3 -1
29 LN -1 -1 -1 -1 4 2
30 LN -1 -1 -1 -1 4 0

[TREE 73]
NB_NODES: 31
0 IN 1 16 1 0.5 0 -1
1 IN 2 9 3 8.5 1 -1
2 IN 3 6 0 7.5 2 -1
3 IN 4 5 3 0.5 3 -1
4 LN -1 -1 -1 -1 4 0
5 LN -1 -1 -1 -1 4 0
6 IN 7 8 2 8.5 3 -1
7 LN -1 -1 -1 -1 4 1
8 LN -1 -1 -1 -1 4 0
9 IN 10 13 2 7.5 2 -1
10 IN 11 12 2 1.5 3 -1
11 LN -1 -1 -1 -1 4 0
12 LN -1 -1 -1 -1 4 0
13 IN 14 15 2 8.5 3 -1
14 LN -1 -1 -1 -1 4 1
15 LN -1 -1 -1 -1 4 0
16 IN 17 24 1 8.5 1 -1
17 IN 18 21 0 6.5 2 -1
18 IN 19 20 2 7.5 3 -1
19 LN -1 -1 -1 -1 4 2
20 LN -1 -1 -1 -1 4 0
21 IN 22 23 2 8.5 3 -1
22 LN -1 -1 -1 -1 4 2
23 LN -1 -1 -1 -1 4 1
24 IN 25 28 3 2.5 2 -1
25 IN 26 27 3 0.5 3 -1
26 LN -1 -1 -1 -1 4 0
27 LN -1 -1 -1 -1 4 0
28 IN 29 30 2 0.5 3 -1
29 LN -1 -1 -1 -1 4 1
30 LN -1 -1 -1 -1 4 0

[TREE 74]
NB_NODES: 31
0 IN 1 16 3 1.5 0 -1
1 IN 2 9 0 7.5 1 -1
2 IN 3 6 3 0.5 2 -1
3 IN 4 5 1 1.5 3 -1
4 LN -1 -1 -1 -1 4 0
5 LN -1 -1 -1 -1 4 0
6 IN 7 8 0 3.5 3 -1
7 LN -1 -1 -1 -1 4 0
8 LN -1 -1 -1 -1 4 1
9 IN 10 13 1 8.5 2 -1
10 IN 11 12 1 0.5 3 -1
11 LN -1 -1 -1 -1 4 0
12 LN -1 -1 -1 -1 4 2
13 IN 14 15 0 8.5 3 -1
14 LN -1 -1 -1 -1 4 0
15 LN -1 -1 -1 -1 4 0
16 IN 17 24 1 0.5 1 -1
17 IN 18 21 0 6.5 2 -1
18 IN 19 20 2 0.5 3 -1
19 LN -1 -1 -1 -1 4 0
20 LN -1 -1 -1 -1 4 0
21 IN 22 23 3 8.5 3 -1
22 LN -1 -1 -1 -1 4 1
23 LN -1 -1 -1 -1 4 0
24 IN 25 28 1 8.5 2 -1
25 IN 26 27 0 6.5 3 -1
26 LN -1 -1 -1 -1 4 2
27 LN -1 -1 -1 -1 4 2
28 IN 29 30 0 5.5 3 -1
29 LN -1 -1 -1 -1 4 0
30 LN -1 -1 -1 -1 4 0

[TREE 75]
NB_NODES: 31
0 IN 1 16 3 1.5 0 -1
1 IN 2 9 0 7.5 1 -1
2 IN 3 6 0 3.5 2 -1
3 IN 4 5 2 2.5 3 -1
4 LN -1 -1 -1 -1 4 0
5 LN -1 -1 -1 -1 4 0
6 IN 7 8 2 7.5 3 -1
7 LN -1 -1 -1 -1 4 1
8 LN -1 -1 -1 -1 4 0
9 IN 10 13 1 8.5 2 -1
10 IN 11 12 1 0.5 3 -1
11 LN -1 -1 -1 -1 4 0
12 LN -1 -1 -1 -1 4 2
13 IN 14 15 0 8.5 3 -1
14 LN -1 -1 -1 -1 4 0
15 LN -1 -1 -1 -1 4 0
16 IN 17 24 2 7.5 1 -1
17 IN 18 21 3 7.5 2 -1
18 IN 19 20 2 0.5 3 -1
19 LN -1 -1 -1 -1 4 1
20 LN -1 -1 -1 -1 4 2
21 IN 22 23 0 7.5 3 -1
22 LN -1 -1 -1 -1 4 1
23 LN -1 -1 -1 -1 4 1
24 IN 25 28 2 8.5 2 -1
25 IN 26 27 0 7.5 3 -1
26 LN -1 -1 -1 -1 4 1
27 LN -1 -1 -1 -1 4 2
28 IN 29 30 3 8.5 3 -1
29 LN -1 -1 -1 -1 4 1
30 LN -1 -1 -1 -1 4 0

[TREE 76]
NB_NODES: 31
0 IN 1 16 2 7.5 0 -1
1 IN 2 9 3 1.5 1 -1
2 IN 3 6 2 1.5 2 -1
3 IN 4 5 1 8.5 3 -1
4 LN -1 -1 -1 -1 4 1
5 LN -1 -1 -1 -1 4 0
6 IN 7 8 3 0.5 3 -1
7 LN -1 -1 -1 -1 4 0
8 LN -1 -1 -1 -1 4 1
9 IN 10 13 2 0.5 2 -1
10 IN 11 12 0 4.5 3 -1
11 LN -1 -1 -1 -1 4 0
12 LN -1 -1 -1 -1 4 1
13 IN 14 15 2 1.5 3 -1
14 LN -1 -1 -1 -1 4 1
15 LN -1 -1 -1 -1 4 2
16 IN 17 24 2 8.5 1 -1
17 IN 18 21 1 1.5 2 -1
18 IN 19 20 0 7.5 3 -1
19 LN -1 -1 -1 -1 4 0
20 LN -1 -1 -1 -1 4 1
21 IN 22 23 3 1.5 3 -1
22 LN -1 -1 -1 -1 4 0
23 LN -1 -1 -1 -1 4 1
24 IN 25 28 1 0.5 2 -1
25 IN 26 27 3 0.5 3 -1
26 LN -1 -1 -1 -1 4 0
27 LN -1 -1 -1 -1 4 0
28 IN 29 30 0 5.5 3 -1
29 LN -1 -1 -1 -1 4 0
30 LN -1 -1 -1 -1 4 1

[TREE 77]
NB_NODES: 31
0 IN 1 16 3 1.5 0 -1
1 IN 2 9 0 7.5 1 -1
2 IN 3 6 1 8.5 2 -1
3 IN 4 5 0 3.5 3 -1
4 LN -1 -1 -1 -1 4 0
5 LN -1 -1 -1 -1 4 1
6 IN 7 8 3 0.5 3 -1
7 LN -1 -1 -1 -1 4 0
8 LN -1 -1 -1 -1 4 0
9 IN 10 13 2 8.5 2 -1
10 IN 11 12 2 1.5 3 -1
11 LN -1 -1 -1 -1 4 0
12 LN -1 -1 -1 -1 4 2
13 IN 14 15 0 8.5 3 -1
14 LN -1 -1 -1 -1 4 0
15 LN -1 -1 -1 -1 4 0
16 IN 17 24 3 7.5 1 -1
17 IN 18 21 0 4.5 2 -1
18 IN 19 20 0 3.5 3 -1
19 LN -1 -1 -1 -1 4 2
20 LN -1 -1 -1 -1 4 2
21 IN 22 23 2 7.5 3 -1
22 LN -1 -1 -1 -1 4 2
23 LN -1 -1 -1 -1 4 1
24 IN 25 28 1 0.5 2 -1
25 IN 26 27 3 8.5 3 -1
26 LN -1 -1 -1 -1 4 0
27 LN -1 -1 -1 -1 4 0
28 IN 29 30 0 7.5 3 -1
29 LN -1 -1 -1 -1 4 1
30 LN -1 -1 -1 -1 4 1

[TREE 78]
NB_NODES: 31
0 IN 1 16 2 7.5 0 -1
1 IN 2 9 1 0.5 1 -1
2 IN 3 6 3 8.5 2 -1
3 IN 4 5 3 2.5 3 -1
4 LN -1 -1 -1 -1 4 1
5 LN -1 -1 -1 -1 4 0
6 IN 7 8 0 6.5 3 -1
7 LN -1 -1 -1 -1 4 0
8 LN -1 -1 -1 -1 4 0
9 IN 10 13 1 8.5 2 -1
10 IN 11 12 2 1.5 3 -1
11 LN -1 -1 -1 -1 4 1
12 LN -1 -1 -1 -1 4 2
13 IN 14 15 0 5.5 3 -1
14 LN -1 -1 -1 -1 4 0
15 LN -1 -1 -1 -1 4 0
16 IN 17 24 3 1.5 1 -1
17 IN 18 21 0 7.5 2 -1
18 IN 19 20 1 6.5 3 -1
19 LN -1 -1 -1 -1 4 0
20 LN -1 -1 -1 -1 4 0
21 IN 22 23 3 0.5 3 -1
22 LN -1 -1 -1 -1 4 0
23 LN -1 -1 -1 -1 4 2
24 IN 25 28 2 8.5 2 -1
25 IN 26 27 0 7.5 3 -1
26 LN -1 -1 -1 -1 4 1
27 LN -1 -1 -1 -1 4 2
28 IN 29 30 0 5.5 3 -1
29 LN -1 -1 -1 -1 4 0
30 LN -1 -1 -1 -1 4 1

[TREE 79]
NB_NODES: 31
0 IN 1 16 1 0.5 0 -1
1 IN 2 9 0 6.5 1 -1
2 IN 3 6 2 0.5 2 -1
3 IN 4 5 3 8.5 3 -1
4 LN -1 -1 -1 -1 4 1
5 LN -1 -1 -1 -1 4 0
6 IN 7 8 0 5.5 3 -1
7 LN -1 -1 -1 -1 4 1
8 LN -1 -1 -1 -1 4 0
9 IN 10 13 0 8.5 2 -1
10 IN 11 12 3 8.5 3 -1
11 LN -1 -1 -1 -1 4 0
12 LN -1 -1 -1 -1 4 0
13 IN 14 15 3 0.5 3 -1
14 LN -1 -1 -1 -1 4 0
15 LN -1 -1 -1 -1 4 0
16 IN 17 24 1 8.5 1 -1
17 IN 18 21 0 6.5 2 -1
18 IN 19 20 2 7.5 3 -1
19 LN -1 -1 -1 -1 4 2
20 LN -1 -1 -1 -1 4 0
21 IN 22 23 1 7.5 3 -1
22 LN -1 -1 -1 -1 4 2
23 LN -1 -1 -1 -1 4 2
24 IN 25 28 2 0.5 2 -1
25 IN 26 27 3 7.5 3 -1
26 LN -1 -1 -1 -1 4 0
27 LN -1 -1 -1 -1 4 1
28 IN 29 30 0 5.5 3 -1
29 LN -1 -1 -1 -1 4 0
30 LN -1 -1 -1 -1 4 0

[TREE 80]
NB_NODES: 31
0 IN 1 16 3 1.5 0 -1
1 IN 2 9 3 0.5 1 -1
2 IN 3 6 2 8.5 2 -1
3 IN 4 5 1 8.5 3 -1
4 LN -1 -1 -1 -1 4 1
5 LN -1 -1 -1 -1 4 0
6 IN 7 8 1 0.5 3 -1
7 LN -1 -1 -1 -1 4 0
8 LN -1 -1 -1 -1 4 0
9 IN 10 13 0 7.5 2 -1
10 IN 11 12 0 3.5 3 -1
11 LN -1 -1 -1 -1 4 0
12 LN -1 -1 -1 -1 4 1
13 IN 14 15 2 8.5 3 -1
14 LN -1 -1 -1 -1 4 2
15 LN -1 -1 -1 -1 4 1
16 IN 17 24 3 7.5 1 -1
17 IN 18 21 0 4.5 2 -1
18 IN 19 20 3 6.5 3 -1
19 LN -1 -1 -1 -1 4 2
20 LN -1 -1 -1 -1 4 0
21 IN 22 23 1 0.5 3 -1
22 LN -1 -1 -1 -1 4 0
23 LN -1 -1 -1 -1 4 2
24 IN 25 28 3 8.5 2 -1
25 IN 26 27 2 0.5 3 -1
26 LN -1 -1 -1 -1 4 0
27 LN -1 -1 -1 -1 4 1
28 IN 29 30 1 0.5 3 -1
29 LN -1 -1 -1 -1 4 0
30 LN -1 -1 -1 -1 4 1

[TREE 81]
NB_NODES: 31
0 IN 1 16 3 1.5 0 -1
1 IN 2 9 1 8.5 1 -1
2 IN 3 6 3 0.5 2 -1
3 IN 4 5 2 7.5 3 -1
4 LN -1 -1 -1 -1 4 1
5 LN -1 -1 -1 -1 4 0
6 IN 7 8 2 1.5 3 -1
7 LN -1 -1 -1 -1 4 1
8 LN -1 -1 -1 -1 4 0
9 IN 10 13 2 8.5 2 -1
10 IN 11 12 3 0.5 3 -1
11 LN -1 -1 -1 -1 4 0
12 LN -1 -1 -1 -1 4 0
13 IN 14 15 3 0.5 3 -1
14 LN -1 -1 -1 -1 4 0
15 LN -1 -1 -1 -1 4 0
16 IN 17 24 2 0.5 1 -1
17 IN 18 21 0 4.5 2 -1
18 IN 19 20 0 3.5 3 -1
19 LN -1 -1 -1 -1 4 0
20 LN -1 -1 -1 -1 4 0
21 IN 22 23 0 6.5 3 -1
22 LN -1 -1 -1 -1 4 1
23 LN -1 -1 -1 -1 4 1
24 IN 25 28 3 7.5 2 -1
25 IN 26 27 0 4.5 3 -1
26 LN -1 -1 -1 -1 4 2
27 LN -1 -1 -1 -1 4 2
28 IN 29 30 0 7.5 3 -1
29 LN -1 -1 -1 -1 4 1
30 LN -1 -1 -1 -1 4 1

[TREE 82]
NB_NODES: 31
0 IN 1 16 2 7.5 0 -1
1 IN 2 9 2 1.5 1 -1
2 IN 3 6 2 0.5 2 -1
3 IN 4 5 1 3.5 3 -1
4 LN -1 -1 -1 -1 4 0
5 LN -1 -1 -1 -1 4 1
6 IN 7 8 0 7.5 3 -1
7 LN -1 -1 -1 -1 4 1
8 LN -1 -1 -1 -1 4 2
9 IN 10 13 0 4.5 2 -1
10 IN 11 12 1 7.5 3 -1
11 LN -1 -1 -1 -1 4 2
12 LN -1 -1 -1 -1 4 0
13 IN 14 15 1 8.5 3 -1
14 LN -1 -1 -1 -1 4 2
15 LN -1 -1 -1 -1 4 0
16 IN 17 24 2 8.5 1 -1
17 IN 18 21 0 7.5 2 -1
18 IN 19 20 3 1.5 3 -1
19 LN -1 -1 -1 -1 4 0
20 LN -1 -1 -1 -1 4 1
21 IN 22 23 0 8.5 3 -1
22 LN -1 -1 -1 -1 4 2
23 LN -1 -1 -1 -1 4 2
24 IN 25 28 0 5.5 2 -1
25 IN 26 27 1 7.5 3 -1
26 LN -1 -1 -1 -1 4 0
27 LN -1 -1 -1 -1 4 0
28 IN 29 30 3 0.5 3 -1
29 LN -1 -1 -1 -1 4 0
30 LN -1 -1 -1 -1 4 1

[TREE 83]
NB_NODES: 31
0 IN 1 16 2 7.5 0 -1
1 IN 2 9 1 0.5 1 -1
2 IN 3 6 3 6.5 2 -1
3 IN 4 5 2 0.5 3 -1
4 LN -1 -1 -1 -1 4 1
5 LN -1 -1 -1 -1 4 0
6 IN 7 8 3 8.5 3 -1
7 LN -1 -1 -1 -1 4 0
8 LN -1 -1 -1 -1 4 0
9 IN 10 13 2 1.5 2 -1
10 IN 11 12 2 0.5 3 -1
11 LN -1 -1 -1 -1 4 0
12 LN -1 -1 -1 -1 4 1
13 IN 14 15 0 4.5 3 -1
14 LN -1 -1 -1 -1 4 2
15 LN -1 -1 -1 -1 4 2
16 IN 17 24 2 8.5 1 -1
17 IN 18 21 1 1.5 2 -1
18 IN 19 20 1 0.5 3 -1
19 LN -1 -1 -1 -1 4 0
20 LN -1 -1 -1 -1 4 0
21 IN 22 23 3 1.5 3 -1
22 LN -1 -1 -1 -1 4 0
23 LN -1 -1 -1 -1 4 1
24 IN 25 28 0 5.5 2 -1
25 IN 26 27 0 4.5 3 -1
26 LN -1 -1 -1 -1 4 1
27 LN -1 -1 -1 -1 4 0
28 IN 29 30 3 0.5 3 -1
29 LN -1 -1 -1 -1 4 0
30 LN -1 -1 -1 -1 4 1

[TREE 84]
NB_NODES: 31
0 IN 1 16 3 1.5 0 -1
1 IN 2 9 3 0.5 1 -1
2 IN 3 6 2 8.5 2 -1
3 IN 4 5 0 8.5 3 -1
4 LN -1 -1 -1 -1 4 0
5 LN -1 -1 -1 -1 4 1
6 IN 7 8 1 0.5 3 -1
7 LN -1 -1 -1 -1 4 0
8 LN -1 -1 -1 -1 4 0
9 IN 10 13 1 8.5 2 -1
10 IN 11 12 0 7.5 3 -1
11 LN -1 -1 -1 -1 4 0
12 LN -1 -1 -1 -1 4 2
13 IN 14 15 2 0.5 3 -1
14 LN -1 -1 -1 -1 4 1
15 LN -1 -1 -1 -1 4 0
16 IN 17 24 3 7.5 1 -1
17 IN 18 21 0 4.5 2 -1
18 IN 19 20 3 6.5 3 -1
19 LN -1 -1 -1 -1 4 2
20 LN -1 -1 -1 -1 4 1
21 IN 22 23 1 0.5 3 -1
22 LN -1 -1 -1 -1 4 1
23 LN -1 -1 -1 -1 4 2
24 IN 25 28 1 0.5 2 -1
25 IN 26 27 0 6.5 3 -1
26 LN -1 -1 -1 -1 4 0
27 LN -1 -1 -1 -1 4 0
28 IN 29 30 0 7.5 3 -1
29 LN -1 -1 -1 -1 4 1
30 LN -1 -1 -1 -1 4 1

[TREE 85]
NB_NODES: 31
0 IN 1 16 1 0.5 0 -1
1 IN 2 9 0 6.5 1 -1
2 IN 3 6 2 0.5 2 -1
3 IN 4 5 3 3.5 3 -1
4 LN -1 -1 -1 -1 4 1
5 LN -1 -1 -1 -1 4 0
6 IN 7 8 3 1.5 3 -1
7 LN -1 -1 -1 -1 4 1
8 LN -1 -1 -1 -1 4 0
9 IN 10 13 2 0.5 2 -1
10 IN 11 12 0 7.5 3 -1
11 LN -1 -1 -1 -1 4 0
12 LN -1 -1 -1 -1 4 0
13 IN 14 15 0 7.5 3 -1
14 LN -1 -1 -1 -1 4 0
15 LN -1 -1 -1 -1 4 0
16 IN 17 24 3 1.5 1 -1
17 IN 18 21 3 0.5 2 -1
18 IN 19 20 1 8.5 3 -1
19 LN -1 -1 -1 -1 4 1
20 LN -1 -1 -1 -1 4 0
21 IN 22 23 1 8.5 3 -1
22 LN -1 -1 -1 -1 4 0
23 LN -1 -1 -1 -1 4 0
24 IN 25 28 3 7.5 2 -1
25 IN 26 27 2 0.5 3 -1
26 LN -1 -1 -1 -1 4 0
27 LN -1 -1 -1 -1 4 2
28 IN 29 30 1 1.5 3 -1
29 LN -1 -1 -1 -1 4 2
30 LN -1 -1 -1 -1 4 1

[TREE 86]
NB_NODES: 31
0 IN 1 16 2 7.5 0 -1
1 IN 2 9 2 1.5 1 -1
2 IN 3 6 2 0.5 2 -1
3 IN 4 5 0 4.5 3 -1
4 LN -1 -1 -1 -1 4 0
5 LN -1 -1 -1 -1 4 1
6 IN 7 8 0 7.5 3 -1
7 LN -1 -1 -1 -1 4 1
8 LN -1 -1 -1 -1 4 2
9 IN 10 13 0 4.5 2 -1
10 IN 11 12 0 3.5 3 -1
11 LN -1 -1 -1 -1 4 2
12 LN -1 -1 -1 -1 4 2
13 IN 14 15 0 6.5 3 -1
14 LN -1 -1 -1 -1 4 2
15 LN -1 -1 -1 -1 4 2
16 IN 17 24 0 7.5 1 -1
17 IN 18 21 3 2.5 2 -1
18 IN 19 20 1 3.5 3 -1
19 LN -1 -1 -1 -1 4 0
20 LN -1 -1 -1 -1 4 0
21 IN 22 23 3 8.5 3 -1
22 LN -1 -1 -1 -1 4 1
23 LN -1 -1 -1 -1 4 0
24 IN 25 28 2 8.5 2 -1
25 IN 26 27 1 8.5 3 -1
26 LN -1 -1 -1 -1 4 2
27 LN -1 -1 -1 -1 4 1
28 IN 29 30 1 8.5 3 -1
29 LN -1 -1 -1 -1 4 1
30 LN -1 -1 -1 -1 4 0

[TREE 87]
NB_NODES: 31
0 IN 1 16 2 7.5 0 -1
1 IN 2 9 2 1.5 1 -1
2 IN 3 6 2 0.5 2 -1
3 IN 4 5 1 2.5 3 -1
4 LN -1 -1 -1 -1 4 0
5 LN -1 -1 -1 -1 4 1
6 IN 7 8 0 7.5 3 -1
7 LN -1 -1 -1 -1 4 1
8 LN -1 -1 -1 -1 4 2
9 IN 10 13 1 8.5 2 -1
10 IN 11 12 1 0.5 3 -1
11 LN -1 -1 -1 -1 4 0
12 LN -1 -1 -1 -1 4 2
13 IN 14 15 0 7.5 3 -1
14 LN -1 -1 -1 -1 4 0
15 LN -1 -1 -1 -1 4 1
16 IN 17 24 2 8.5 1 -1
17 IN 18 21 3 1.5 2 -1
18 IN 19 20 3 0.5 3 -1
19 LN -1 -1 -1 -1 4 0
20 LN -1 -1 -1 -1 4 0
21 IN 22 23 0 7.5 3 -1
22 LN -1 -1 -1 -1 4 1
23 LN -1 -1 -1 -1 4 2
24 IN 25 28 1 0.5 2 -1
25 IN 26 27 3 0.5 3 -1
26 LN -1 -1 -1 -1 4 0
27 LN -1 -1 -1 -1 4 0
28 IN 29 30 1 4.5 3 -1
29 LN -1 -1 -1 -1 4 1
30 LN -1 -1 -1 -1 4 0

[TREE 88]
NB_NODES: 31
0 IN 1 16 3 1.5 0 -1
1 IN 2 9 0 7.5 1 -1
2 IN 3 6 0 3.5 2 -1
3 IN 4 5 2 2.5 3 -1
4 LN -1 -1 -1 -1 4 0
5 LN -1 -1 -1 -1 4 0
6 IN 7 8 2 7.5 3 -1
7 LN -1 -1 -1 -1 4 1
8 LN -1 -1 -1 -1 4 0
9 IN 10 13 1 8.5 2 -1
10 IN 11 12 3 0.5 3 -1
11 LN -1 -1 -1 -1 4 1
12 LN -1 -1 -1 -1 4 2
13 IN 14 15 2 0.5 3 -1
14 LN -1 -1 -1 -1 4 0
15 LN -1 -1 -1 -1 4 0
16 IN 17 24 3 7.5 1 -1
17 IN 18 21 0 3.5 2 -1
18 IN 19 20 2 1.5 3 -1
19 LN -1 -1 -1 -1 4 0
20 LN -1 -1 -1 -1 4 2
21 IN 22 23 1 0.5 3 -1
22 LN -1 -1 -1 -1 4 0
23 LN -1 -1 -1 -1 4 2
24 IN 25 28 0 7.5 2 -1
25 IN 26 27 3 8.5 3 -1
26 LN -1 -1 -1 -1 4 1
27 LN -1 -1 -1 -1 4 0
28 IN 29 30 3 8.5 3 -1
29 LN -1 -1 -1 -1 4 2
30 LN -1 -1 -1 -1 4 1

[TREE 89]
NB_NODES: 31
0 IN 1 16 2 7.5 0 -1
1 IN 2 9 2 1.5 1 -1
2 IN 3 6 3 1.5 2 -1
3 IN 4 5 0 3.5 3 -1
4 LN -1 -1 -1 -1 4 0
5 LN -1 -1 -1 -1 4 1
6 IN 7 8 2 0.5 3 -1
7 LN -1 -1 -1 -1 4 0
8 LN -1 -1 -1 -1 4 1
9 IN 10 13 3 0.5 2 -1
10 IN 11 12 0 8.5 3 -1
11 LN -1 -1 -1 -1 4 1
12 LN -1 -1 -1 -1 4 1
13 IN 14 15 3 7.5 3 -1
14 LN -1 -1 -1 -1 4 2
15 LN -1 -1 -1 -1 4 0
16 IN 17 24 3 0.5 1 -1
17 IN 18 21 0 7.5 2 -1
18 IN 19 20 1 7.5 3 -1
19 LN -1 -1 -1 -1 4 0
20 LN -1 -1 -1 -1 4 0
21 IN 22 23 1 0.5 3 -1
22 LN -1 -1 -1 -1 4 0
23 LN -1 -1 -1 -1 4 1
24 IN 25 28 2 8.5 2 -1
25 IN 26 27 0 7.5 3 -1
26 LN -1 -1 -1 -1 4 1
27 LN -1 -1 -1 -1 4 2
28 IN 29 30 3 8.5 3 -1
29 LN -1 -1 -1 -1 4 1
30 LN -1 -1 -1 -1 4 0

[TREE 90]
NB_NODES: 31
0 IN 1 16 3 1.5 0 -1
1 IN 2 9 3 0.5 1 -1
2 IN 3 6 0 6.5 2 -1
3 IN 4 5 2 1.5 3 -1
4 LN -1 -1 -1 -1 4 1
5 LN -1 -1 -1 -1 4 0
6 IN 7 8 0 8.5 3 -1
7 LN -1 -1 -1 -1 4 0
8 LN -1 -1 -1 -1 4 0
9 IN 10 13 0 7.5 2 -1
10 IN 11 12 1 8.5 3 -1
11 LN -1 -1 -1 -1 4 0
12 LN -1 -1 -1 -1 4 0
13 IN 14 15 0 8.5 3 -1
14 LN -1 -1 -1 -1 4 2
15 LN -1 -1 -1 -1 4 2
16 IN 17 24 3 7.5 1 -1
17 IN 18 21 2 0.5 2 -1
18 IN 19 20 3 6.5 3 -1
19 LN -1 -1 -1 -1 4 1
20 LN -1 -1 -1 -1 4 0
21 IN 22 23 0 4.5 3 -1
22 LN -1 -1 -1 -1 4 2
23 LN -1 -1 -1 -1 4 2
24 IN 25 28 1 0.5 2 -1
25 IN 26 27 2 7.5 3 -1
26 LN -1 -1 -1 -1 4 0
27 LN -1 -1 -1 -1 4 0
28 IN 29 30 0 7.5 3 -1
29 LN -1 -1 -1 -1 4 1
30 LN -1 -1 -1 -1 4 2

[TREE 91]
NB_NODES: 31
0 IN 1 16 2 7.5 0 -1
1 IN 2 9 2 1.5 1 -1
2 IN 3 6 0 3.5 2 -1
3 IN 4 5 0 1.5 3 -1
4 LN -1 -1 -1 -1 4 0
5 LN -1 -1 -1 -1 4 0
6 IN 7 8 2 0.5 3 -1
7 LN -1 -1 -1 -1 4 0
8 LN -1 -1 -1 -1 4 1
9 IN 10 13 3 1.5 2 -1
10 IN 11 12 3 0.5 3 -1
11 LN -1 -1 -1 -1 4 0
12 LN -1 -1 -1 -1 4 2
13 IN 14 15 1 8.5 3 -1
14 LN -1 -1 -1 -1 4 2
15 LN -1 -1 -1 -1 4 0
16 IN 17 24 2 8.5 1 -1
17 IN 18 21 0 7.5 2 -1
18 IN 19 20 3 2.5 3 -1
19 LN -1 -1 -1 -1 4 0
20 LN -1 -1 -1 -1 4 1
21 IN 22 23 0 8.5 3 -1
22 LN -1 -1 -1 -1 4 2
23 LN -1 -1 -1 -1 4 2
24 IN 25 28 3 0.5 2 -1
25 IN 26 27 0 7.5 3 -1
26 LN -1 -1 -1 -1 4 0
27 LN -1 -1 -1 -1 4 0
28 IN 29 30 0 5.5 3 -1
29 LN -1 -1 -1 -1 4 0
30 LN -1 -1 -1 -1 4 1

[TREE 92]
NB_NODES: 31
0 IN 1 16 1 0.5 0 -1
1 IN 2 9 3 8.5 1 -1
2 IN 3 6 0 7.5 2 -1
3 IN 4 5 3 0.5 3 -1
4 LN -1 -1 -1 -1 4 0
5 LN -1 -1 -1 -1 4 0
6 IN 7 8 3 4.5 3 -1
7 LN -1 -1 -1 -1 4 0
8 LN -1 -1 -1 -1 4 1
9 IN 10 13 2 3.5 2 -1
10 IN 11 12 0 6.5 3 -1
11 LN -1 -1 -1 -1 4 0
12 LN -1 -1 -1 -1 4 0
13 IN 14 15 0 8.5 3 -1
14 LN -1 -1 -1 -1 4 0
15 LN -1 -1 -1 -1 4 0
16 IN 17 24 1 8.5 1 -1
17 IN 18 21 2 7.5 2 -1
18 IN 19 20 0 5.5 3 -1
19 LN -1 -1 -1 -1 4 2
20 LN -1 -1 -1 -1 4 2
21 IN 22 23 2 8.5 3 -1
22 LN -1 -1 -1 -1 4 1
23 LN -1 -1 -1 -1 4 1
24 IN 25 28 0 5.5 2 -1
25 IN 26 27 3 0.5 3 -1
26 LN -1 -1 -1 -1 4 1
27 LN -1 -1 -1 -1 4 0
28 IN 29 30 0 7.5 3 -1
29 LN -1 -1 -1 -1 4 0
30 LN -1 -1 -1 -1 4 0

[TREE 93]
NB_NODES: 31
0 IN 1 16 1 0.5 0 -1
1 IN 2 9 3 8.5 1 -1
2 IN 3 6 3 0.5 2 -1
3 IN 4 5 2 8.5 3 -1
4 LN -1 -1 -1 -1 4 0
5 LN -1 -1 -1 -1 4 0
6 IN 7 8 3 5.5 3 -1
7 LN -1 -1 -1 -1 4 1
8 LN -1 -1 -1 -1 4 0
9 IN 10 13 2 5.5 2 -1
10 IN 11 12 2 0.5 3 -1
11 LN -1 -1 -1 -1 4 0
12 LN -1 -1 -1 -1 4 0
13 IN 14 15 0 7.5 3 -1
14 LN -1 -1 -1 -1 4 0
15 LN -1 -1 -1 -1 4 0
16 IN 17 24 1 8.5 1 -1
17 IN 18 21 3 1.5 2 -1
18 IN 19 20 3 0.5 3 -1
19 LN -1 -1 -1 -1 4 1
20 LN -1 -1 -1 -1 4 1
21 IN 22 23 0 5.5 3 -1
22 LN -1 -1 -1 -1 4 2
23 LN -1 -1 -1 -1 4 2
24 IN 25 28 0 5.5 2 -1
25 IN 26 27 3 1.5 3 -1
26 LN -1 -1 -1 -1 4 1
27 LN -1 -1 -1 -1 4 0
28 IN 29 30 0 8.5 3 -1
29 LN -1 -1 -1 -1 4 0
30 LN -1 -1 -1 -1 4 1

[TREE 94]
NB_NODES: 31
0 IN 1 16 2 7.5 0 -1
1 IN 2 9 2 1.5 1 -1
2 IN 3 6 2 0.5 2 -1
3 IN 4 5 3 6.5 3 -1
4 LN -1 -1 -1 -1 4 1
5 LN -1 -1 -1 -1 4 0
6 IN 7 8 3 1.5 3 -1
7 LN -1 -1 -1 -1 4 1
8 LN -1 -1 -1 -1 4 1
9 IN 10 13 0 4.5 2 -1
10 IN 11 12 3 6.5 3 -1
11 LN -1 -1 -1 -1 4 2
12 LN -1 -1 -1 -1 4 1
13 IN 14 15 3 0.5 3 -1
14 LN -1 -1 -1 -1 4 1
15 LN -1 -1 -1 -1 4 2
16 IN 17 24 2 8.5 1 -1
17 IN 18 21 1 1.5 2 -1
18 IN 19 20 0 7.5 3 -1
19 LN -1 -1 -1 -1 4 0
20 LN -1 -1 -1 -1 4 1
21 IN 22 23 0 7.5 3 -1
22 LN -1 -1 -1 -1 4 1
23 LN -1 -1 -1 -1 4 2
24 IN 25 28 1 0.5 2 -1
25 IN 26 27 0 5.5 3 -1
26 LN -1 -1 -1 -1 4 1
27 LN -1 -1 -1 -1 4 0
28 IN 29 30 1 6.5 3 -1
29 LN -1 -1 -1 -1 4 1
30 LN -1 -1 -1 -1 4 0

[TREE 95]
NB_NODES: 31
0 IN 1 16 2 7.5 0 -1
1 IN 2 9 1 0.5 1 -1
2 IN 3 6 3 5.5 2 -1
3 IN 4 5 3 0.5 3 -1
4 LN -1 -1 -1 -1 4 0
5 LN -1 -1 -1 -1 4 1
6 IN 7 8 2 0.5 3 -1
7 LN -1 -1 -1 -1 4 0
8 LN -1 -1 -1 -1 4 0
9 IN 10 13 3 1.5 2 -1
10 IN 11 12 2 1.5 3 -1
11 LN -1 -1 -1 -1 4 1
12 LN -1 -1 -1 -1 4 0
13 IN 14 15 3 7.5 3 -1
14 LN -1 -1 -1 -1 4 2
15 LN -1 -1 -1 -1 4 1
16 IN 17 24 2 8.5 1 -1
17 IN 18 21 0 7.5 2 -1
18 IN 19 20 1 1.5 3 -1
19 LN -1 -1 -1 -1 4 0
20 LN -1 -1 -1 -1 4 1
21 IN 22 23 3 0.5 3 -1
22 LN -1 -1 -1 -1 4 1
23 LN -1 -1 -1 -1 4 2
24 IN 25 28 3 0.5 2 -1
25 IN 26 27 1 0.5 3 -1
26 LN -1 -1 -1 -1 4 0
27 LN -1 -1 -1 -1 4 0
28 IN 29 30 0 5.5 3 -1
29 LN -1 -1 -1 -1 4 0
30 LN -1 -1 -1 -1 4 1

[TREE 96]
NB_NODES: 31
0 IN 1 16 1 0.5 0 -1
1 IN 2 9 2 8.5 1 -1
2 IN 3 6 3 2.5 2 -1
3 IN 4 5 0 6.5 3 -1
4 LN -1 -1 -1 -1 4 1
5 LN -1 -1 -1 -1 4 0
6 IN 7 8 0 6.5 3 -1
7 LN -1 -1 -1 -1 4 0
8 LN -1 -1 -1 -1 4 0
9 IN 10 13 3 0.5 2 -1
10 IN 11 12 0 7.5 3 -1
11 LN -1 -1 -1 -1 4 0
12 LN -1 -1 -1 -1 4 0
13 IN 14 15 3 8.5 3 -1
14 LN -1 -1 -1 -1 4 1
15 LN -1 -1 -1 -1 4 0
16 IN 17 24 1 8.5 1 -1
17 IN 18 21 2 7.5 2 -1
18 IN 19 20 3 7.5 3 -1
19 LN -1 -1 -1 -1 4 2
20 LN -1 -1 -1 -1 4 1
21 IN 22 23 3 1.5 3 -1
22 LN -1 -1 -1 -1 4 0
23 LN -1 -1 -1 -1 4 1
24 IN 25 28 2 0.5 2 -1
25 IN 26 27 0 5.5 3 -1
26 LN -1 -1 -1 -1 4 0
27 LN -1 -1 -1 -1 4 0
28 IN 29 30 2 2.5 3 -1
29 LN -1 -1 -1 -1 4 0
30 LN -1 -1 -1 -1 4 0

[TREE 97]
NB_NODES: 31
0 IN 1 16 2 7.5 0 -1
1 IN 2 9 3 1.5 1 -1
2 IN 3 6 2 1.5 2 -1
3 IN 4 5 2 0.5 3 -1
4 LN -1 -1 -1 -1 4 0
5 LN -1 -1 -1 -1 4 1
6 IN 7 8 1 8.5 3 -1
7 LN -1 -1 -1 -1 4 1
8 LN -1 -1 -1 -1 4 0
9 IN 10 13 3 7.5 2 -1
10 IN 11 12 2 0.5 3 -1
11 LN -1 -1 -1 -1 4 1
12 LN -1 -1 -1 -1 4 2
13 IN 14 15 2 0.5 3 -1
14 LN -1 -1 -1 -1 4 0
15 LN -1 -1 -1 -1 4 1
16 IN 17 24 2 8.5 1 -1
17 IN 18 21 3 1.5 2 -1
18 IN 19 20 0 8.5 3 -1
19 LN -1 -1 -1 -1 4 0
20 LN -1 -1 -1 -1 4 2
21 IN 22 23 3 8.5 3 -1
22 LN -1 -1 -1 -1 4 1
23 LN -1 -1 -1 -1 4 1
24 IN 25 28 0 5.5 2 -1
25 IN 26 27 1 7.5 3 -1
26 LN -1 -1 -1 -1 4 0
27 LN -1 -1 -1 -1 4 0
28 IN 29 30 3 0.5 3 -1
29 LN -1 -1 -1 -1 4 0
30 LN -1 -1 -1 -1 4 1

[TREE 98]
NB_NODES: 31
0 IN 1 16 3 1.5 0 -1
1 IN 2 9 3 0.5 1 -1
2 IN 3 6 0 6.5 2 -1
3 IN 4 5 2 1.5 3 -1
4 LN -1 -1 -1 -1 4 1
5 LN -1 -1 -1 -1 4 0
6 IN 7 8 1 0.5 3 -1
7 LN -1 -1 -1 -1 4 0
8 LN -1 -1 -1 -1 4 0
9 IN 10 13 0 7.5 2 -1
10 IN 11 12 1 8.5 3 -1
11 LN -1 -1 -1 -1 4 0
12 LN -1 -1 -1 -1 4 0
13 IN 14 15 2 8.5 3 -1
14 LN -1 -1 -1 -1 4 2
15 LN -1 -1 -1 -1 4 1
16 IN 17 24 2 7.5 1 -1
17 IN 18 21 2 0.5 2 -1
18 IN 19 20 0 4.5 3 -1
19 LN -1 -1 -1 -1 4 0
20 LN -1 -1 -1 -1 4 1
21 IN 22 23 0 4.5 3 -1
22 LN -1 -1 -1 -1 4 2
23 LN -1 -1 -1 -1 4 2
24 IN 25 28 2 8.5 2 -1
25 IN 26 27 0 7.5 3 -1
26 LN -1 -1 -1 -1 4 1
27 LN -1 -1 -1 -1 4 2
28 IN 29 30 1 7.5 3 -1
29 LN -1 -1 -1 -1 4 1
30 LN -1 -1 -1 -1 4 0

[TREE 99]
NB_NODES: 31
0 IN 1 16 2 7.5 0 -1
1 IN 2 9 3 1.5 1 -1
2 IN 3 6 0 7.5 2 -1
3 IN 4 5 2 3.5 3 -1
4 LN -1 -1 -1 -1 4 1
5 LN -1 -1 -1 -1 4 0
6 IN 7 8 2 1.5 3 -1
7 LN -1 -1 -1 -1 4 0
8 LN -1 -1 -1 -1 4 2
9 IN 10 13 2 0.5 2 -1
10 IN 11 12 1 3.5 3 -1
11 LN -1 -1 -1 -1 4 0
12 LN -1 -1 -1 -1 4 1
13 IN 14 15 0 4.5 3 -1
14 LN -1 -1 -1 -1 4 2
15 LN -1 -1 -1 -1 4 2
16 IN 17 24 2 8.5 1 -1
17 IN 18 21 3 1.5 2 -1
18 IN 19 20 3 0.5 3 -1
19 LN -1 -1 -1 -1 4 0
20 LN -1 -1 -1 -1 4 0
21 IN 22 23 3 8.5 3 -1
22 LN -1 -1 -1 -1 4 1
23 LN -1 -1 -1 -1 4 1
24 IN 25 28 1 8.5 2 -1
25 IN 26 27 3 0.5 3 -1
26 LN -1 -1 -1 -1 4 0
27 LN -1 -1 -1 -1 4 1
28 IN 29 30 0 7.5 3 -1
29 LN -1 -1 -1 -1 4 0
30 LN -1 -1 -1 -1 4 0

