DATASET_NAME: Seeds.train8.csv
ENSEMBLE: RF
NB_TREES: 100
NB_FEATURES: 7
NB_CLASSES: 3
MAX_TREE_DEPTH: 4
Format: node / node type (LN - leave node, IN - internal node) left child / right child / feature / threshold / node_depth / majority class (starts with index 0)

[TREE 0]
NB_NODES: 17
0 IN 1 16 6 6.5 0 -1
1 IN 2 9 4 3.5 1 -1
2 IN 3 6 1 2.5 2 -1
3 IN 4 5 6 0.5 3 -1
4 LN -1 -1 -1 -1 4 2
5 LN -1 -1 -1 -1 4 2
6 IN 7 8 6 2.5 3 -1
7 LN -1 -1 -1 -1 4 0
8 LN -1 -1 -1 -1 4 2
9 IN 10 13 1 6.5 2 -1
10 IN 11 12 5 3.5 3 -1
11 LN -1 -1 -1 -1 4 0
12 LN -1 -1 -1 -1 4 0
13 IN 14 15 2 8.5 3 -1
14 LN -1 -1 -1 -1 4 1
15 LN -1 -1 -1 -1 4 0
16 LN -1 -1 -1 -1 1 1

[TREE 1]
NB_NODES: 15
0 IN 1 14 1 6.5 0 -1
1 IN 2 9 0 3.5 1 -1
2 IN 3 6 6 0.5 2 -1
3 IN 4 5 5 2.5 3 -1
4 LN -1 -1 -1 -1 4 0
5 LN -1 -1 -1 -1 4 2
6 IN 7 8 0 2.5 3 -1
7 LN -1 -1 -1 -1 4 2
8 LN -1 -1 -1 -1 4 2
9 IN 10 11 0 5.5 2 -1
10 LN -1 -1 -1 -1 3 0
11 IN 12 13 5 4.5 3 -1
12 LN -1 -1 -1 -1 4 0
13 LN -1 -1 -1 -1 4 1
14 LN -1 -1 -1 -1 1 1

[TREE 2]
NB_NODES: 19
0 IN 1 14 0 6.5 0 -1
1 IN 2 7 0 2.5 1 -1
2 IN 3 4 2 2.5 2 -1
3 LN -1 -1 -1 -1 3 2
4 IN 5 6 5 3.0 3 -1
5 LN -1 -1 -1 -1 4 0
6 LN -1 -1 -1 -1 4 2
7 IN 8 11 0 5.5 2 -1
8 IN 9 10 4 3.5 3 -1
9 LN -1 -1 -1 -1 4 0
10 LN -1 -1 -1 -1 4 0
11 IN 12 13 6 6.5 3 -1
12 LN -1 -1 -1 -1 4 0
13 LN -1 -1 -1 -1 4 1
14 IN 15 18 3 6.5 1 -1
15 IN 16 17 4 7.5 2 -1
16 LN -1 -1 -1 -1 3 1
17 LN -1 -1 -1 -1 3 0
18 LN -1 -1 -1 -1 2 1

[TREE 3]
NB_NODES: 13
0 IN 1 12 6 6.5 0 -1
1 IN 2 7 0 3.5 1 -1
2 IN 3 6 5 4.5 2 -1
3 IN 4 5 4 1.5 3 -1
4 LN -1 -1 -1 -1 4 2
5 LN -1 -1 -1 -1 4 0
6 LN -1 -1 -1 -1 3 2
7 IN 8 11 1 7.5 2 -1
8 IN 9 10 5 3.5 3 -1
9 LN -1 -1 -1 -1 4 0
10 LN -1 -1 -1 -1 4 0
11 LN -1 -1 -1 -1 3 1
12 LN -1 -1 -1 -1 1 1

[TREE 4]
NB_NODES: 15
0 IN 1 14 6 6.5 0 -1
1 IN 2 9 5 4.5 1 -1
2 IN 3 6 4 2.5 2 -1
3 IN 4 5 0 2.5 3 -1
4 LN -1 -1 -1 -1 4 2
5 LN -1 -1 -1 -1 4 0
6 IN 7 8 2 2.5 3 -1
7 LN -1 -1 -1 -1 4 1
8 LN -1 -1 -1 -1 4 0
9 IN 10 11 0 3.5 2 -1
10 LN -1 -1 -1 -1 3 2
11 IN 12 13 2 8.5 3 -1
12 LN -1 -1 -1 -1 4 0
13 LN -1 -1 -1 -1 4 1
14 LN -1 -1 -1 -1 1 1

[TREE 5]
NB_NODES: 17
0 IN 1 16 6 6.5 0 -1
1 IN 2 9 5 3.5 1 -1
2 IN 3 6 3 0.5 2 -1
3 IN 4 5 0 2.5 3 -1
4 LN -1 -1 -1 -1 4 0
5 LN -1 -1 -1 -1 4 2
6 IN 7 8 2 1.5 3 -1
7 LN -1 -1 -1 -1 4 2
8 LN -1 -1 -1 -1 4 0
9 IN 10 13 4 4.5 2 -1
10 IN 11 12 5 4.5 3 -1
11 LN -1 -1 -1 -1 4 2
12 LN -1 -1 -1 -1 4 2
13 IN 14 15 6 5.5 3 -1
14 LN -1 -1 -1 -1 4 0
15 LN -1 -1 -1 -1 4 1
16 LN -1 -1 -1 -1 1 1

[TREE 6]
NB_NODES: 21
0 IN 1 12 1 5.5 0 -1
1 IN 2 7 1 2.5 1 -1
2 IN 3 6 6 0.5 2 -1
3 IN 4 5 0 0.5 3 -1
4 LN -1 -1 -1 -1 4 2
5 LN -1 -1 -1 -1 4 0
6 LN -1 -1 -1 -1 3 2
7 IN 8 11 5 6.5 2 -1
8 IN 9 10 0 2.5 3 -1
9 LN -1 -1 -1 -1 4 2
10 LN -1 -1 -1 -1 4 0
11 LN -1 -1 -1 -1 3 2
12 IN 13 16 1 6.5 1 -1
13 IN 14 15 5 1.5 2 -1
14 LN -1 -1 -1 -1 3 0
15 LN -1 -1 -1 -1 3 1
16 IN 17 20 0 7.5 2 -1
17 IN 18 19 2 8.5 3 -1
18 LN -1 -1 -1 -1 4 1
19 LN -1 -1 -1 -1 4 1
20 LN -1 -1 -1 -1 3 1

[TREE 7]
NB_NODES: 23
0 IN 1 12 0 3.5 0 -1
1 IN 2 5 0 2.5 1 -1
2 IN 3 4 2 5.5 2 -1
3 LN -1 -1 -1 -1 3 2
4 LN -1 -1 -1 -1 3 0
5 IN 6 9 5 2.5 2 -1
6 IN 7 8 4 3.5 3 -1
7 LN -1 -1 -1 -1 4 0
8 LN -1 -1 -1 -1 4 0
9 IN 10 11 2 4.5 3 -1
10 LN -1 -1 -1 -1 4 0
11 LN -1 -1 -1 -1 4 2
12 IN 13 18 1 6.5 1 -1
13 IN 14 17 6 6.5 2 -1
14 IN 15 16 5 3.5 3 -1
15 LN -1 -1 -1 -1 4 0
16 LN -1 -1 -1 -1 4 0
17 LN -1 -1 -1 -1 3 1
18 IN 19 22 6 6.5 2 -1
19 IN 20 21 4 7.5 3 -1
20 LN -1 -1 -1 -1 4 1
21 LN -1 -1 -1 -1 4 0
22 LN -1 -1 -1 -1 3 1

[TREE 8]
NB_NODES: 19
0 IN 1 12 0 3.5 0 -1
1 IN 2 7 6 0.5 1 -1
2 IN 3 6 4 3.5 2 -1
3 IN 4 5 0 0.5 3 -1
4 LN -1 -1 -1 -1 4 0
5 LN -1 -1 -1 -1 4 0
6 LN -1 -1 -1 -1 3 2
7 IN 8 9 0 2.5 2 -1
8 LN -1 -1 -1 -1 3 2
9 IN 10 11 2 2.5 3 -1
10 LN -1 -1 -1 -1 4 2
11 LN -1 -1 -1 -1 4 2
12 IN 13 14 0 5.5 1 -1
13 LN -1 -1 -1 -1 2 0
14 IN 15 18 6 6.5 2 -1
15 IN 16 17 2 4.0 3 -1
16 LN -1 -1 -1 -1 4 1
17 LN -1 -1 -1 -1 4 0
18 LN -1 -1 -1 -1 3 1

[TREE 9]
NB_NODES: 23
0 IN 1 14 4 5.5 0 -1
1 IN 2 7 1 2.5 1 -1
2 IN 3 4 2 3.5 2 -1
3 LN -1 -1 -1 -1 3 2
4 IN 5 6 6 0.5 3 -1
5 LN -1 -1 -1 -1 4 2
6 LN -1 -1 -1 -1 4 2
7 IN 8 11 5 6.5 2 -1
8 IN 9 10 1 5.5 3 -1
9 LN -1 -1 -1 -1 4 0
10 LN -1 -1 -1 -1 4 0
11 IN 12 13 1 5.0 3 -1
12 LN -1 -1 -1 -1 4 2
13 LN -1 -1 -1 -1 4 0
14 IN 15 22 6 6.5 1 -1
15 IN 16 19 5 3.5 2 -1
16 IN 17 18 4 6.5 3 -1
17 LN -1 -1 -1 -1 4 0
18 LN -1 -1 -1 -1 4 0
19 IN 20 21 1 4.0 3 -1
20 LN -1 -1 -1 -1 4 0
21 LN -1 -1 -1 -1 4 1
22 LN -1 -1 -1 -1 2 1

[TREE 10]
NB_NODES: 15
0 IN 1 14 6 6.5 0 -1
1 IN 2 7 1 2.5 1 -1
2 IN 3 6 6 0.5 2 -1
3 IN 4 5 5 2.5 3 -1
4 LN -1 -1 -1 -1 4 0
5 LN -1 -1 -1 -1 4 2
6 LN -1 -1 -1 -1 3 2
7 IN 8 11 6 5.5 2 -1
8 IN 9 10 5 6.5 3 -1
9 LN -1 -1 -1 -1 4 0
10 LN -1 -1 -1 -1 4 2
11 IN 12 13 0 4.0 3 -1
12 LN -1 -1 -1 -1 4 2
13 LN -1 -1 -1 -1 4 0
14 LN -1 -1 -1 -1 1 1

[TREE 11]
NB_NODES: 21
0 IN 1 12 4 3.5 0 -1
1 IN 2 7 0 2.5 1 -1
2 IN 3 6 3 0.5 2 -1
3 IN 4 5 2 2.5 3 -1
4 LN -1 -1 -1 -1 4 2
5 LN -1 -1 -1 -1 4 2
6 LN -1 -1 -1 -1 3 2
7 IN 8 11 0 3.5 2 -1
8 IN 9 10 6 4.0 3 -1
9 LN -1 -1 -1 -1 4 0
10 LN -1 -1 -1 -1 4 2
11 LN -1 -1 -1 -1 3 0
12 IN 13 20 1 6.5 1 -1
13 IN 14 17 3 5.5 2 -1
14 IN 15 16 6 5.5 3 -1
15 LN -1 -1 -1 -1 4 0
16 LN -1 -1 -1 -1 4 1
17 IN 18 19 6 6.5 3 -1
18 LN -1 -1 -1 -1 4 0
19 LN -1 -1 -1 -1 4 1
20 LN -1 -1 -1 -1 2 1

[TREE 12]
NB_NODES: 17
0 IN 1 16 6 6.5 0 -1
1 IN 2 9 0 3.5 1 -1
2 IN 3 6 6 0.5 2 -1
3 IN 4 5 1 2.5 3 -1
4 LN -1 -1 -1 -1 4 0
5 LN -1 -1 -1 -1 4 0
6 IN 7 8 1 2.5 3 -1
7 LN -1 -1 -1 -1 4 2
8 LN -1 -1 -1 -1 4 2
9 IN 10 13 6 5.5 2 -1
10 IN 11 12 2 8.5 3 -1
11 LN -1 -1 -1 -1 4 0
12 LN -1 -1 -1 -1 4 0
13 IN 14 15 3 6.5 3 -1
14 LN -1 -1 -1 -1 4 1
15 LN -1 -1 -1 -1 4 0
16 LN -1 -1 -1 -1 1 1

[TREE 13]
NB_NODES: 21
0 IN 1 12 0 5.5 0 -1
1 IN 2 7 5 4.5 1 -1
2 IN 3 6 1 2.5 2 -1
3 IN 4 5 6 1.5 3 -1
4 LN -1 -1 -1 -1 4 0
5 LN -1 -1 -1 -1 4 2
6 LN -1 -1 -1 -1 3 0
7 IN 8 11 0 3.5 2 -1
8 IN 9 10 1 2.5 3 -1
9 LN -1 -1 -1 -1 4 2
10 LN -1 -1 -1 -1 4 2
11 LN -1 -1 -1 -1 3 0
12 IN 13 20 6 6.5 1 -1
13 IN 14 17 5 3.5 2 -1
14 IN 15 16 6 5.5 3 -1
15 LN -1 -1 -1 -1 4 0
16 LN -1 -1 -1 -1 4 0
17 IN 18 19 5 6.5 3 -1
18 LN -1 -1 -1 -1 4 1
19 LN -1 -1 -1 -1 4 0
20 LN -1 -1 -1 -1 2 1

[TREE 14]
NB_NODES: 17
0 IN 1 10 1 5.5 0 -1
1 IN 2 9 0 3.5 1 -1
2 IN 3 6 0 2.5 2 -1
3 IN 4 5 5 3.0 3 -1
4 LN -1 -1 -1 -1 4 2
5 LN -1 -1 -1 -1 4 2
6 IN 7 8 6 4.0 3 -1
7 LN -1 -1 -1 -1 4 0
8 LN -1 -1 -1 -1 4 2
9 LN -1 -1 -1 -1 2 0
10 IN 11 16 6 6.5 1 -1
11 IN 12 13 5 1.5 2 -1
12 LN -1 -1 -1 -1 3 0
13 IN 14 15 4 6.5 3 -1
14 LN -1 -1 -1 -1 4 0
15 LN -1 -1 -1 -1 4 1
16 LN -1 -1 -1 -1 2 1

[TREE 15]
NB_NODES: 15
0 IN 1 14 6 6.5 0 -1
1 IN 2 7 0 2.5 1 -1
2 IN 3 6 6 1.5 2 -1
3 IN 4 5 4 1.5 3 -1
4 LN -1 -1 -1 -1 4 2
5 LN -1 -1 -1 -1 4 0
6 LN -1 -1 -1 -1 3 2
7 IN 8 11 5 7.5 2 -1
8 IN 9 10 2 1.5 3 -1
9 LN -1 -1 -1 -1 4 2
10 LN -1 -1 -1 -1 4 0
11 IN 12 13 2 7.5 3 -1
12 LN -1 -1 -1 -1 4 2
13 LN -1 -1 -1 -1 4 1
14 LN -1 -1 -1 -1 1 1

[TREE 16]
NB_NODES: 19
0 IN 1 14 1 6.5 0 -1
1 IN 2 9 1 2.5 1 -1
2 IN 3 6 2 6.0 2 -1
3 IN 4 5 3 0.5 3 -1
4 LN -1 -1 -1 -1 4 2
5 LN -1 -1 -1 -1 4 2
6 IN 7 8 1 1.5 3 -1
7 LN -1 -1 -1 -1 4 0
8 LN -1 -1 -1 -1 4 2
9 IN 10 13 6 6.5 2 -1
10 IN 11 12 4 3.5 3 -1
11 LN -1 -1 -1 -1 4 2
12 LN -1 -1 -1 -1 4 0
13 LN -1 -1 -1 -1 3 1
14 IN 15 18 3 6.5 1 -1
15 IN 16 17 2 8.0 2 -1
16 LN -1 -1 -1 -1 3 1
17 LN -1 -1 -1 -1 3 0
18 LN -1 -1 -1 -1 2 1

[TREE 17]
NB_NODES: 25
0 IN 1 14 1 5.5 0 -1
1 IN 2 9 1 2.5 1 -1
2 IN 3 6 6 0.5 2 -1
3 IN 4 5 4 1.5 3 -1
4 LN -1 -1 -1 -1 4 2
5 LN -1 -1 -1 -1 4 0
6 IN 7 8 5 0.5 3 -1
7 LN -1 -1 -1 -1 4 0
8 LN -1 -1 -1 -1 4 2
9 IN 10 11 0 2.5 2 -1
10 LN -1 -1 -1 -1 3 2
11 IN 12 13 0 3.5 3 -1
12 LN -1 -1 -1 -1 4 0
13 LN -1 -1 -1 -1 4 0
14 IN 15 20 4 6.5 1 -1
15 IN 16 17 2 3.5 2 -1
16 LN -1 -1 -1 -1 3 1
17 IN 18 19 0 5.5 3 -1
18 LN -1 -1 -1 -1 4 0
19 LN -1 -1 -1 -1 4 0
20 IN 21 24 1 6.5 2 -1
21 IN 22 23 3 5.0 3 -1
22 LN -1 -1 -1 -1 4 1
23 LN -1 -1 -1 -1 4 0
24 LN -1 -1 -1 -1 3 1

[TREE 18]
NB_NODES: 15
0 IN 1 14 6 6.5 0 -1
1 IN 2 7 1 2.5 1 -1
2 IN 3 6 5 2.5 2 -1
3 IN 4 5 3 2.0 3 -1
4 LN -1 -1 -1 -1 4 0
5 LN -1 -1 -1 -1 4 2
6 LN -1 -1 -1 -1 3 2
7 IN 8 11 5 6.5 2 -1
8 IN 9 10 1 6.5 3 -1
9 LN -1 -1 -1 -1 4 0
10 LN -1 -1 -1 -1 4 1
11 IN 12 13 4 4.0 3 -1
12 LN -1 -1 -1 -1 4 2
13 LN -1 -1 -1 -1 4 0
14 LN -1 -1 -1 -1 1 1

[TREE 19]
NB_NODES: 15
0 IN 1 14 6 6.5 0 -1
1 IN 2 9 0 3.5 1 -1
2 IN 3 6 2 3.5 2 -1
3 IN 4 5 5 2.5 3 -1
4 LN -1 -1 -1 -1 4 0
5 LN -1 -1 -1 -1 4 2
6 IN 7 8 6 1.5 3 -1
7 LN -1 -1 -1 -1 4 0
8 LN -1 -1 -1 -1 4 2
9 IN 10 11 6 5.5 2 -1
10 LN -1 -1 -1 -1 3 0
11 IN 12 13 5 4.0 3 -1
12 LN -1 -1 -1 -1 4 0
13 LN -1 -1 -1 -1 4 1
14 LN -1 -1 -1 -1 1 1

[TREE 20]
NB_NODES: 17
0 IN 1 12 1 6.5 0 -1
1 IN 2 7 0 2.5 1 -1
2 IN 3 4 5 0.5 2 -1
3 LN -1 -1 -1 -1 3 0
4 IN 5 6 2 3.5 3 -1
5 LN -1 -1 -1 -1 4 2
6 LN -1 -1 -1 -1 4 2
7 IN 8 11 6 6.5 2 -1
8 IN 9 10 1 2.5 3 -1
9 LN -1 -1 -1 -1 4 2
10 LN -1 -1 -1 -1 4 0
11 LN -1 -1 -1 -1 3 1
12 IN 13 16 3 6.5 1 -1
13 IN 14 15 2 8.5 2 -1
14 LN -1 -1 -1 -1 3 1
15 LN -1 -1 -1 -1 3 0
16 LN -1 -1 -1 -1 2 1

[TREE 21]
NB_NODES: 23
0 IN 1 16 0 5.5 0 -1
1 IN 2 9 0 2.5 1 -1
2 IN 3 6 6 0.5 2 -1
3 IN 4 5 5 4.5 3 -1
4 LN -1 -1 -1 -1 4 0
5 LN -1 -1 -1 -1 4 2
6 IN 7 8 5 0.5 3 -1
7 LN -1 -1 -1 -1 4 0
8 LN -1 -1 -1 -1 4 2
9 IN 10 13 5 7.5 2 -1
10 IN 11 12 0 3.5 3 -1
11 LN -1 -1 -1 -1 4 0
12 LN -1 -1 -1 -1 4 0
13 IN 14 15 2 8.0 3 -1
14 LN -1 -1 -1 -1 4 2
15 LN -1 -1 -1 -1 4 0
16 IN 17 22 3 6.5 1 -1
17 IN 18 21 5 4.5 2 -1
18 IN 19 20 6 5.5 3 -1
19 LN -1 -1 -1 -1 4 0
20 LN -1 -1 -1 -1 4 0
21 LN -1 -1 -1 -1 3 1
22 LN -1 -1 -1 -1 2 1

[TREE 22]
NB_NODES: 15
0 IN 1 14 6 6.5 0 -1
1 IN 2 9 5 3.5 1 -1
2 IN 3 6 0 2.5 2 -1
3 IN 4 5 6 1.5 3 -1
4 LN -1 -1 -1 -1 4 0
5 LN -1 -1 -1 -1 4 2
6 IN 7 8 1 6.5 3 -1
7 LN -1 -1 -1 -1 4 0
8 LN -1 -1 -1 -1 4 1
9 IN 10 11 4 2.5 2 -1
10 LN -1 -1 -1 -1 3 2
11 IN 12 13 0 5.5 3 -1
12 LN -1 -1 -1 -1 4 0
13 LN -1 -1 -1 -1 4 1
14 LN -1 -1 -1 -1 1 1

[TREE 23]
NB_NODES: 17
0 IN 1 16 6 6.5 0 -1
1 IN 2 9 4 3.5 1 -1
2 IN 3 6 2 5.5 2 -1
3 IN 4 5 5 4.5 3 -1
4 LN -1 -1 -1 -1 4 2
5 LN -1 -1 -1 -1 4 2
6 IN 7 8 1 1.5 3 -1
7 LN -1 -1 -1 -1 4 0
8 LN -1 -1 -1 -1 4 0
9 IN 10 13 4 6.5 2 -1
10 IN 11 12 3 0.5 3 -1
11 LN -1 -1 -1 -1 4 2
12 LN -1 -1 -1 -1 4 0
13 IN 14 15 1 6.5 3 -1
14 LN -1 -1 -1 -1 4 0
15 LN -1 -1 -1 -1 4 1
16 LN -1 -1 -1 -1 1 1

[TREE 24]
NB_NODES: 15
0 IN 1 14 6 6.5 0 -1
1 IN 2 7 2 2.5 1 -1
2 IN 3 4 0 2.5 2 -1
3 LN -1 -1 -1 -1 3 2
4 IN 5 6 1 5.5 3 -1
5 LN -1 -1 -1 -1 4 0
6 LN -1 -1 -1 -1 4 1
7 IN 8 11 0 3.5 2 -1
8 IN 9 10 0 2.5 3 -1
9 LN -1 -1 -1 -1 4 2
10 LN -1 -1 -1 -1 4 0
11 IN 12 13 4 6.5 3 -1
12 LN -1 -1 -1 -1 4 0
13 LN -1 -1 -1 -1 4 0
14 LN -1 -1 -1 -1 1 1

[TREE 25]
NB_NODES: 17
0 IN 1 16 1 6.5 0 -1
1 IN 2 9 5 3.5 1 -1
2 IN 3 6 1 2.5 2 -1
3 IN 4 5 6 1.5 3 -1
4 LN -1 -1 -1 -1 4 0
5 LN -1 -1 -1 -1 4 2
6 IN 7 8 3 5.5 3 -1
7 LN -1 -1 -1 -1 4 0
8 LN -1 -1 -1 -1 4 0
9 IN 10 13 4 3.5 2 -1
10 IN 11 12 1 2.5 3 -1
11 LN -1 -1 -1 -1 4 2
12 LN -1 -1 -1 -1 4 2
13 IN 14 15 6 5.5 3 -1
14 LN -1 -1 -1 -1 4 0
15 LN -1 -1 -1 -1 4 1
16 LN -1 -1 -1 -1 1 1

[TREE 26]
NB_NODES: 13
0 IN 1 12 6 6.5 0 -1
1 IN 2 5 4 2.5 1 -1
2 IN 3 4 5 0.5 2 -1
3 LN -1 -1 -1 -1 3 0
4 LN -1 -1 -1 -1 3 2
5 IN 6 9 0 3.5 2 -1
6 IN 7 8 3 2.5 3 -1
7 LN -1 -1 -1 -1 4 0
8 LN -1 -1 -1 -1 4 2
9 IN 10 11 2 2.5 3 -1
10 LN -1 -1 -1 -1 4 1
11 LN -1 -1 -1 -1 4 0
12 LN -1 -1 -1 -1 1 1

[TREE 27]
NB_NODES: 17
0 IN 1 16 6 6.5 0 -1
1 IN 2 9 0 3.5 1 -1
2 IN 3 6 0 2.5 2 -1
3 IN 4 5 6 0.5 3 -1
4 LN -1 -1 -1 -1 4 2
5 LN -1 -1 -1 -1 4 2
6 IN 7 8 5 6.5 3 -1
7 LN -1 -1 -1 -1 4 0
8 LN -1 -1 -1 -1 4 2
9 IN 10 13 1 6.5 2 -1
10 IN 11 12 4 6.5 3 -1
11 LN -1 -1 -1 -1 4 0
12 LN -1 -1 -1 -1 4 0
13 IN 14 15 4 7.5 3 -1
14 LN -1 -1 -1 -1 4 1
15 LN -1 -1 -1 -1 4 0
16 LN -1 -1 -1 -1 1 1

[TREE 28]
NB_NODES: 15
0 IN 1 14 3 6.5 0 -1
1 IN 2 7 0 2.5 1 -1
2 IN 3 6 4 2.5 2 -1
3 IN 4 5 6 1.5 3 -1
4 LN -1 -1 -1 -1 4 2
5 LN -1 -1 -1 -1 4 2
6 LN -1 -1 -1 -1 3 0
7 IN 8 11 1 2.5 2 -1
8 IN 9 10 5 2.5 3 -1
9 LN -1 -1 -1 -1 4 0
10 LN -1 -1 -1 -1 4 2
11 IN 12 13 0 5.5 3 -1
12 LN -1 -1 -1 -1 4 0
13 LN -1 -1 -1 -1 4 0
14 LN -1 -1 -1 -1 1 1

[TREE 29]
NB_NODES: 17
0 IN 1 16 6 6.5 0 -1
1 IN 2 9 1 2.5 1 -1
2 IN 3 6 0 2.5 2 -1
3 IN 4 5 4 1.5 3 -1
4 LN -1 -1 -1 -1 4 2
5 LN -1 -1 -1 -1 4 2
6 IN 7 8 2 6.0 3 -1
7 LN -1 -1 -1 -1 4 2
8 LN -1 -1 -1 -1 4 0
9 IN 10 13 5 5.5 2 -1
10 IN 11 12 6 5.5 3 -1
11 LN -1 -1 -1 -1 4 0
12 LN -1 -1 -1 -1 4 0
13 IN 14 15 4 4.5 3 -1
14 LN -1 -1 -1 -1 4 2
15 LN -1 -1 -1 -1 4 0
16 LN -1 -1 -1 -1 1 1

[TREE 30]
NB_NODES: 21
0 IN 1 8 0 2.5 0 -1
1 IN 2 3 2 2.5 1 -1
2 LN -1 -1 -1 -1 2 2
3 IN 4 7 2 3.5 2 -1
4 IN 5 6 6 1.5 3 -1
5 LN -1 -1 -1 -1 4 0
6 LN -1 -1 -1 -1 4 2
7 LN -1 -1 -1 -1 3 2
8 IN 9 16 0 6.5 1 -1
9 IN 10 13 2 2.5 2 -1
10 IN 11 12 1 5.5 3 -1
11 LN -1 -1 -1 -1 4 0
12 LN -1 -1 -1 -1 4 1
13 IN 14 15 6 6.5 3 -1
14 LN -1 -1 -1 -1 4 0
15 LN -1 -1 -1 -1 4 1
16 IN 17 20 3 7.5 2 -1
17 IN 18 19 5 1.5 3 -1
18 LN -1 -1 -1 -1 4 0
19 LN -1 -1 -1 -1 4 1
20 LN -1 -1 -1 -1 3 1

[TREE 31]
NB_NODES: 17
0 IN 1 16 6 6.5 0 -1
1 IN 2 9 0 3.5 1 -1
2 IN 3 6 5 2.5 2 -1
3 IN 4 5 1 2.5 3 -1
4 LN -1 -1 -1 -1 4 2
5 LN -1 -1 -1 -1 4 0
6 IN 7 8 4 2.5 3 -1
7 LN -1 -1 -1 -1 4 2
8 LN -1 -1 -1 -1 4 2
9 IN 10 13 3 5.5 2 -1
10 IN 11 12 0 5.5 3 -1
11 LN -1 -1 -1 -1 4 0
12 LN -1 -1 -1 -1 4 0
13 IN 14 15 5 1.5 3 -1
14 LN -1 -1 -1 -1 4 0
15 LN -1 -1 -1 -1 4 1
16 LN -1 -1 -1 -1 1 1

[TREE 32]
NB_NODES: 25
0 IN 1 14 0 5.5 0 -1
1 IN 2 7 2 2.5 1 -1
2 IN 3 4 0 2.5 2 -1
3 LN -1 -1 -1 -1 3 2
4 IN 5 6 2 1.5 3 -1
5 LN -1 -1 -1 -1 4 2
6 LN -1 -1 -1 -1 4 0
7 IN 8 11 1 2.5 2 -1
8 IN 9 10 1 1.5 3 -1
9 LN -1 -1 -1 -1 4 0
10 LN -1 -1 -1 -1 4 2
11 IN 12 13 0 3.5 3 -1
12 LN -1 -1 -1 -1 4 0
13 LN -1 -1 -1 -1 4 0
14 IN 15 20 0 6.5 1 -1
15 IN 16 17 3 4.5 2 -1
16 LN -1 -1 -1 -1 3 1
17 IN 18 19 6 6.5 3 -1
18 LN -1 -1 -1 -1 4 0
19 LN -1 -1 -1 -1 4 1
20 IN 21 22 3 6.5 2 -1
21 LN -1 -1 -1 -1 3 0
22 IN 23 24 1 6.5 3 -1
23 LN -1 -1 -1 -1 4 0
24 LN -1 -1 -1 -1 4 1

[TREE 33]
NB_NODES: 17
0 IN 1 12 1 6.5 0 -1
1 IN 2 7 4 2.5 1 -1
2 IN 3 6 0 2.5 2 -1
3 IN 4 5 3 0.5 3 -1
4 LN -1 -1 -1 -1 4 2
5 LN -1 -1 -1 -1 4 2
6 LN -1 -1 -1 -1 3 0
7 IN 8 11 6 6.5 2 -1
8 IN 9 10 5 7.5 3 -1
9 LN -1 -1 -1 -1 4 0
10 LN -1 -1 -1 -1 4 0
11 LN -1 -1 -1 -1 3 1
12 IN 13 16 3 6.5 1 -1
13 IN 14 15 2 8.5 2 -1
14 LN -1 -1 -1 -1 3 1
15 LN -1 -1 -1 -1 3 0
16 LN -1 -1 -1 -1 2 1

[TREE 34]
NB_NODES: 15
0 IN 1 14 6 6.5 0 -1
1 IN 2 7 1 2.5 1 -1
2 IN 3 4 5 0.5 2 -1
3 LN -1 -1 -1 -1 3 0
4 IN 5 6 5 4.5 3 -1
5 LN -1 -1 -1 -1 4 2
6 LN -1 -1 -1 -1 4 2
7 IN 8 11 1 3.5 2 -1
8 IN 9 10 4 2.5 3 -1
9 LN -1 -1 -1 -1 4 2
10 LN -1 -1 -1 -1 4 0
11 IN 12 13 4 6.5 3 -1
12 LN -1 -1 -1 -1 4 0
13 LN -1 -1 -1 -1 4 1
14 LN -1 -1 -1 -1 1 1

[TREE 35]
NB_NODES: 15
0 IN 1 14 6 6.5 0 -1
1 IN 2 9 2 3.5 1 -1
2 IN 3 6 4 3.5 2 -1
3 IN 4 5 0 4.0 3 -1
4 LN -1 -1 -1 -1 4 2
5 LN -1 -1 -1 -1 4 0
6 IN 7 8 2 2.5 3 -1
7 LN -1 -1 -1 -1 4 0
8 LN -1 -1 -1 -1 4 0
9 IN 10 13 4 8.0 2 -1
10 IN 11 12 0 3.5 3 -1
11 LN -1 -1 -1 -1 4 0
12 LN -1 -1 -1 -1 4 0
13 LN -1 -1 -1 -1 3 1
14 LN -1 -1 -1 -1 1 1

[TREE 36]
NB_NODES: 21
0 IN 1 14 3 5.5 0 -1
1 IN 2 7 2 2.5 1 -1
2 IN 3 4 0 2.5 2 -1
3 LN -1 -1 -1 -1 3 2
4 IN 5 6 6 3.5 3 -1
5 LN -1 -1 -1 -1 4 0
6 LN -1 -1 -1 -1 4 2
7 IN 8 11 1 2.5 2 -1
8 IN 9 10 5 2.5 3 -1
9 LN -1 -1 -1 -1 4 0
10 LN -1 -1 -1 -1 4 2
11 IN 12 13 5 8.5 3 -1
12 LN -1 -1 -1 -1 4 0
13 LN -1 -1 -1 -1 4 2
14 IN 15 20 6 6.5 1 -1
15 IN 16 17 5 1.5 2 -1
16 LN -1 -1 -1 -1 3 0
17 IN 18 19 1 6.5 3 -1
18 LN -1 -1 -1 -1 4 0
19 LN -1 -1 -1 -1 4 1
20 LN -1 -1 -1 -1 2 1

[TREE 37]
NB_NODES: 21
0 IN 1 14 0 5.5 0 -1
1 IN 2 7 0 2.5 1 -1
2 IN 3 6 2 6.5 2 -1
3 IN 4 5 5 2.5 3 -1
4 LN -1 -1 -1 -1 4 2
5 LN -1 -1 -1 -1 4 2
6 LN -1 -1 -1 -1 3 0
7 IN 8 11 5 6.5 2 -1
8 IN 9 10 4 2.5 3 -1
9 LN -1 -1 -1 -1 4 0
10 LN -1 -1 -1 -1 4 0
11 IN 12 13 3 0.5 3 -1
12 LN -1 -1 -1 -1 4 0
13 LN -1 -1 -1 -1 4 2
14 IN 15 20 6 6.5 1 -1
15 IN 16 17 3 4.5 2 -1
16 LN -1 -1 -1 -1 3 1
17 IN 18 19 5 1.5 3 -1
18 LN -1 -1 -1 -1 4 0
19 LN -1 -1 -1 -1 4 1
20 LN -1 -1 -1 -1 2 1

[TREE 38]
NB_NODES: 23
0 IN 1 12 0 3.5 0 -1
1 IN 2 7 5 2.5 1 -1
2 IN 3 4 2 2.0 2 -1
3 LN -1 -1 -1 -1 3 2
4 IN 5 6 1 1.5 3 -1
5 LN -1 -1 -1 -1 4 0
6 LN -1 -1 -1 -1 4 0
7 IN 8 9 1 2.5 2 -1
8 LN -1 -1 -1 -1 3 2
9 IN 10 11 2 3.5 3 -1
10 LN -1 -1 -1 -1 4 2
11 LN -1 -1 -1 -1 4 0
12 IN 13 18 6 5.5 1 -1
13 IN 14 15 4 6.5 2 -1
14 LN -1 -1 -1 -1 3 0
15 IN 16 17 5 2.0 3 -1
16 LN -1 -1 -1 -1 4 0
17 LN -1 -1 -1 -1 4 1
18 IN 19 22 1 6.5 2 -1
19 IN 20 21 4 3.5 3 -1
20 LN -1 -1 -1 -1 4 0
21 LN -1 -1 -1 -1 4 1
22 LN -1 -1 -1 -1 3 1

[TREE 39]
NB_NODES: 21
0 IN 1 14 0 6.5 0 -1
1 IN 2 9 0 3.5 1 -1
2 IN 3 6 5 4.5 2 -1
3 IN 4 5 0 1.5 3 -1
4 LN -1 -1 -1 -1 4 2
5 LN -1 -1 -1 -1 4 0
6 IN 7 8 1 2.5 3 -1
7 LN -1 -1 -1 -1 4 2
8 LN -1 -1 -1 -1 4 2
9 IN 10 11 1 5.5 2 -1
10 LN -1 -1 -1 -1 3 0
11 IN 12 13 2 2.5 3 -1
12 LN -1 -1 -1 -1 4 1
13 LN -1 -1 -1 -1 4 0
14 IN 15 20 0 7.5 1 -1
15 IN 16 19 3 6.5 2 -1
16 IN 17 18 5 5.5 3 -1
17 LN -1 -1 -1 -1 4 0
18 LN -1 -1 -1 -1 4 1
19 LN -1 -1 -1 -1 3 1
20 LN -1 -1 -1 -1 2 1

[TREE 40]
NB_NODES: 23
0 IN 1 16 1 6.5 0 -1
1 IN 2 9 5 3.5 1 -1
2 IN 3 6 0 2.5 2 -1
3 IN 4 5 1 0.5 3 -1
4 LN -1 -1 -1 -1 4 0
5 LN -1 -1 -1 -1 4 2
6 IN 7 8 6 6.5 3 -1
7 LN -1 -1 -1 -1 4 0
8 LN -1 -1 -1 -1 4 1
9 IN 10 13 1 3.5 2 -1
10 IN 11 12 0 2.5 3 -1
11 LN -1 -1 -1 -1 4 2
12 LN -1 -1 -1 -1 4 2
13 IN 14 15 5 7.5 3 -1
14 LN -1 -1 -1 -1 4 0
15 LN -1 -1 -1 -1 4 2
16 IN 17 22 0 7.5 1 -1
17 IN 18 21 6 6.5 2 -1
18 IN 19 20 4 7.5 3 -1
19 LN -1 -1 -1 -1 4 1
20 LN -1 -1 -1 -1 4 0
21 LN -1 -1 -1 -1 3 1
22 LN -1 -1 -1 -1 2 1

[TREE 41]
NB_NODES: 15
0 IN 1 14 6 6.5 0 -1
1 IN 2 9 0 3.5 1 -1
2 IN 3 6 6 1.5 2 -1
3 IN 4 5 5 4.5 3 -1
4 LN -1 -1 -1 -1 4 0
5 LN -1 -1 -1 -1 4 2
6 IN 7 8 6 2.5 3 -1
7 LN -1 -1 -1 -1 4 2
8 LN -1 -1 -1 -1 4 2
9 IN 10 11 4 5.5 2 -1
10 LN -1 -1 -1 -1 3 0
11 IN 12 13 3 4.5 3 -1
12 LN -1 -1 -1 -1 4 1
13 LN -1 -1 -1 -1 4 0
14 LN -1 -1 -1 -1 1 1

[TREE 42]
NB_NODES: 23
0 IN 1 14 0 5.5 0 -1
1 IN 2 9 5 5.5 1 -1
2 IN 3 6 3 2.5 2 -1
3 IN 4 5 6 1.5 3 -1
4 LN -1 -1 -1 -1 4 0
5 LN -1 -1 -1 -1 4 2
6 IN 7 8 2 1.5 3 -1
7 LN -1 -1 -1 -1 4 2
8 LN -1 -1 -1 -1 4 0
9 IN 10 13 0 3.5 2 -1
10 IN 11 12 6 1.5 3 -1
11 LN -1 -1 -1 -1 4 2
12 LN -1 -1 -1 -1 4 2
13 LN -1 -1 -1 -1 3 0
14 IN 15 18 3 5.5 1 -1
15 IN 16 17 3 4.0 2 -1
16 LN -1 -1 -1 -1 3 1
17 LN -1 -1 -1 -1 3 0
18 IN 19 22 6 6.5 2 -1
19 IN 20 21 4 6.5 3 -1
20 LN -1 -1 -1 -1 4 0
21 LN -1 -1 -1 -1 4 1
22 LN -1 -1 -1 -1 3 1

[TREE 43]
NB_NODES: 21
0 IN 1 10 0 5.5 0 -1
1 IN 2 9 0 3.5 1 -1
2 IN 3 6 0 2.5 2 -1
3 IN 4 5 6 1.5 3 -1
4 LN -1 -1 -1 -1 4 0
5 LN -1 -1 -1 -1 4 2
6 IN 7 8 5 6.5 3 -1
7 LN -1 -1 -1 -1 4 0
8 LN -1 -1 -1 -1 4 2
9 LN -1 -1 -1 -1 2 0
10 IN 11 16 0 6.5 1 -1
11 IN 12 13 5 1.5 2 -1
12 LN -1 -1 -1 -1 3 0
13 IN 14 15 2 7.5 3 -1
14 LN -1 -1 -1 -1 4 1
15 LN -1 -1 -1 -1 4 0
16 IN 17 20 3 6.5 2 -1
17 IN 18 19 2 8.5 3 -1
18 LN -1 -1 -1 -1 4 1
19 LN -1 -1 -1 -1 4 0
20 LN -1 -1 -1 -1 3 1

[TREE 44]
NB_NODES: 21
0 IN 1 12 0 3.5 0 -1
1 IN 2 7 1 2.5 1 -1
2 IN 3 4 2 7.5 2 -1
3 LN -1 -1 -1 -1 3 2
4 IN 5 6 4 3.5 3 -1
5 LN -1 -1 -1 -1 4 0
6 LN -1 -1 -1 -1 4 2
7 IN 8 11 5 7.0 2 -1
8 IN 9 10 4 2.5 3 -1
9 LN -1 -1 -1 -1 4 2
10 LN -1 -1 -1 -1 4 0
11 LN -1 -1 -1 -1 3 2
12 IN 13 20 6 6.5 1 -1
13 IN 14 17 1 6.5 2 -1
14 IN 15 16 5 3.5 3 -1
15 LN -1 -1 -1 -1 4 0
16 LN -1 -1 -1 -1 4 0
17 IN 18 19 4 7.5 3 -1
18 LN -1 -1 -1 -1 4 1
19 LN -1 -1 -1 -1 4 0
20 LN -1 -1 -1 -1 2 1

[TREE 45]
NB_NODES: 11
0 IN 1 10 6 6.5 0 -1
1 IN 2 3 2 1.5 1 -1
2 LN -1 -1 -1 -1 2 2
3 IN 4 7 3 2.5 2 -1
4 IN 5 6 5 3.0 3 -1
5 LN -1 -1 -1 -1 4 0
6 LN -1 -1 -1 -1 4 2
7 IN 8 9 5 8.0 3 -1
8 LN -1 -1 -1 -1 4 0
9 LN -1 -1 -1 -1 4 2
10 LN -1 -1 -1 -1 1 1

[TREE 46]
NB_NODES: 17
0 IN 1 16 6 6.5 0 -1
1 IN 2 9 4 2.5 1 -1
2 IN 3 6 5 2.5 2 -1
3 IN 4 5 3 0.5 3 -1
4 LN -1 -1 -1 -1 4 0
5 LN -1 -1 -1 -1 4 2
6 IN 7 8 0 2.5 3 -1
7 LN -1 -1 -1 -1 4 2
8 LN -1 -1 -1 -1 4 2
9 IN 10 13 1 6.5 2 -1
10 IN 11 12 5 7.5 3 -1
11 LN -1 -1 -1 -1 4 0
12 LN -1 -1 -1 -1 4 2
13 IN 14 15 2 8.5 3 -1
14 LN -1 -1 -1 -1 4 1
15 LN -1 -1 -1 -1 4 1
16 LN -1 -1 -1 -1 1 1

[TREE 47]
NB_NODES: 19
0 IN 1 12 0 5.5 0 -1
1 IN 2 7 1 2.5 1 -1
2 IN 3 6 3 0.5 2 -1
3 IN 4 5 2 2.5 3 -1
4 LN -1 -1 -1 -1 4 2
5 LN -1 -1 -1 -1 4 0
6 LN -1 -1 -1 -1 3 2
7 IN 8 11 0 3.5 2 -1
8 IN 9 10 5 6.5 3 -1
9 LN -1 -1 -1 -1 4 0
10 LN -1 -1 -1 -1 4 2
11 LN -1 -1 -1 -1 3 0
12 IN 13 18 1 6.5 1 -1
13 IN 14 15 5 1.0 2 -1
14 LN -1 -1 -1 -1 3 0
15 IN 16 17 6 5.5 3 -1
16 LN -1 -1 -1 -1 4 0
17 LN -1 -1 -1 -1 4 1
18 LN -1 -1 -1 -1 2 1

[TREE 48]
NB_NODES: 27
0 IN 1 14 0 5.5 0 -1
1 IN 2 7 4 2.5 1 -1
2 IN 3 6 6 2.5 2 -1
3 IN 4 5 5 3.0 3 -1
4 LN -1 -1 -1 -1 4 0
5 LN -1 -1 -1 -1 4 2
6 LN -1 -1 -1 -1 3 2
7 IN 8 11 1 2.5 2 -1
8 IN 9 10 2 6.0 3 -1
9 LN -1 -1 -1 -1 4 2
10 LN -1 -1 -1 -1 4 0
11 IN 12 13 5 8.5 3 -1
12 LN -1 -1 -1 -1 4 0
13 LN -1 -1 -1 -1 4 0
14 IN 15 22 1 6.5 1 -1
15 IN 16 19 2 6.5 2 -1
16 IN 17 18 6 5.5 3 -1
17 LN -1 -1 -1 -1 4 0
18 LN -1 -1 -1 -1 4 1
19 IN 20 21 3 4.5 3 -1
20 LN -1 -1 -1 -1 4 1
21 LN -1 -1 -1 -1 4 0
22 IN 23 26 6 6.5 2 -1
23 IN 24 25 0 6.5 3 -1
24 LN -1 -1 -1 -1 4 1
25 LN -1 -1 -1 -1 4 1
26 LN -1 -1 -1 -1 3 1

[TREE 49]
NB_NODES: 25
0 IN 1 14 0 3.5 0 -1
1 IN 2 7 2 2.5 1 -1
2 IN 3 4 2 1.5 2 -1
3 LN -1 -1 -1 -1 3 2
4 IN 5 6 0 2.5 3 -1
5 LN -1 -1 -1 -1 4 2
6 LN -1 -1 -1 -1 4 0
7 IN 8 11 1 2.5 2 -1
8 IN 9 10 5 0.5 3 -1
9 LN -1 -1 -1 -1 4 0
10 LN -1 -1 -1 -1 4 2
11 IN 12 13 5 7.5 3 -1
12 LN -1 -1 -1 -1 4 0
13 LN -1 -1 -1 -1 4 2
14 IN 15 20 1 6.5 1 -1
15 IN 16 17 0 5.5 2 -1
16 LN -1 -1 -1 -1 3 0
17 IN 18 19 6 6.5 3 -1
18 LN -1 -1 -1 -1 4 0
19 LN -1 -1 -1 -1 4 1
20 IN 21 24 3 6.5 2 -1
21 IN 22 23 2 8.5 3 -1
22 LN -1 -1 -1 -1 4 1
23 LN -1 -1 -1 -1 4 0
24 LN -1 -1 -1 -1 3 1

[TREE 50]
NB_NODES: 19
0 IN 1 8 4 3.5 0 -1
1 IN 2 3 4 1.5 1 -1
2 LN -1 -1 -1 -1 2 2
3 IN 4 7 5 6.5 2 -1
4 IN 5 6 2 3.0 3 -1
5 LN -1 -1 -1 -1 4 2
6 LN -1 -1 -1 -1 4 0
7 LN -1 -1 -1 -1 3 2
8 IN 9 14 6 5.5 1 -1
9 IN 10 11 1 2.5 2 -1
10 LN -1 -1 -1 -1 3 2
11 IN 12 13 1 5.5 3 -1
12 LN -1 -1 -1 -1 4 0
13 LN -1 -1 -1 -1 4 0
14 IN 15 18 1 6.5 2 -1
15 IN 16 17 5 1.5 3 -1
16 LN -1 -1 -1 -1 4 0
17 LN -1 -1 -1 -1 4 1
18 LN -1 -1 -1 -1 3 1

[TREE 51]
NB_NODES: 17
0 IN 1 10 0 5.5 0 -1
1 IN 2 9 0 3.5 1 -1
2 IN 3 6 6 0.5 2 -1
3 IN 4 5 5 2.5 3 -1
4 LN -1 -1 -1 -1 4 0
5 LN -1 -1 -1 -1 4 2
6 IN 7 8 5 0.5 3 -1
7 LN -1 -1 -1 -1 4 0
8 LN -1 -1 -1 -1 4 2
9 LN -1 -1 -1 -1 2 0
10 IN 11 16 6 6.5 1 -1
11 IN 12 15 5 6.5 2 -1
12 IN 13 14 2 3.0 3 -1
13 LN -1 -1 -1 -1 4 1
14 LN -1 -1 -1 -1 4 0
15 LN -1 -1 -1 -1 3 0
16 LN -1 -1 -1 -1 2 1

[TREE 52]
NB_NODES: 17
0 IN 1 16 6 6.5 0 -1
1 IN 2 9 5 3.5 1 -1
2 IN 3 6 4 2.5 2 -1
3 IN 4 5 6 2.5 3 -1
4 LN -1 -1 -1 -1 4 0
5 LN -1 -1 -1 -1 4 2
6 IN 7 8 6 5.5 3 -1
7 LN -1 -1 -1 -1 4 0
8 LN -1 -1 -1 -1 4 0
9 IN 10 13 0 3.5 2 -1
10 IN 11 12 6 0.5 3 -1
11 LN -1 -1 -1 -1 4 2
12 LN -1 -1 -1 -1 4 2
13 IN 14 15 0 5.5 3 -1
14 LN -1 -1 -1 -1 4 0
15 LN -1 -1 -1 -1 4 1
16 LN -1 -1 -1 -1 1 1

[TREE 53]
NB_NODES: 15
0 IN 1 14 6 6.5 0 -1
1 IN 2 7 4 2.5 1 -1
2 IN 3 6 5 2.5 2 -1
3 IN 4 5 6 1.5 3 -1
4 LN -1 -1 -1 -1 4 0
5 LN -1 -1 -1 -1 4 2
6 LN -1 -1 -1 -1 3 2
7 IN 8 11 1 2.5 2 -1
8 IN 9 10 2 6.0 3 -1
9 LN -1 -1 -1 -1 4 2
10 LN -1 -1 -1 -1 4 0
11 IN 12 13 3 5.5 3 -1
12 LN -1 -1 -1 -1 4 0
13 LN -1 -1 -1 -1 4 0
14 LN -1 -1 -1 -1 1 1

[TREE 54]
NB_NODES: 19
0 IN 1 10 4 3.5 0 -1
1 IN 2 9 0 4.0 1 -1
2 IN 3 6 2 3.5 2 -1
3 IN 4 5 0 2.5 3 -1
4 LN -1 -1 -1 -1 4 2
5 LN -1 -1 -1 -1 4 2
6 IN 7 8 5 7.0 3 -1
7 LN -1 -1 -1 -1 4 0
8 LN -1 -1 -1 -1 4 2
9 LN -1 -1 -1 -1 2 0
10 IN 11 14 6 5.5 1 -1
11 IN 12 13 3 1.0 2 -1
12 LN -1 -1 -1 -1 3 2
13 LN -1 -1 -1 -1 3 0
14 IN 15 18 6 6.5 2 -1
15 IN 16 17 5 1.5 3 -1
16 LN -1 -1 -1 -1 4 0
17 LN -1 -1 -1 -1 4 1
18 LN -1 -1 -1 -1 3 1

[TREE 55]
NB_NODES: 15
0 IN 1 14 1 6.5 0 -1
1 IN 2 7 2 1.5 1 -1
2 IN 3 6 5 4.5 2 -1
3 IN 4 5 0 2.5 3 -1
4 LN -1 -1 -1 -1 4 2
5 LN -1 -1 -1 -1 4 0
6 LN -1 -1 -1 -1 3 2
7 IN 8 11 3 2.5 2 -1
8 IN 9 10 0 3.5 3 -1
9 LN -1 -1 -1 -1 4 2
10 LN -1 -1 -1 -1 4 0
11 IN 12 13 0 5.5 3 -1
12 LN -1 -1 -1 -1 4 0
13 LN -1 -1 -1 -1 4 0
14 LN -1 -1 -1 -1 1 1

[TREE 56]
NB_NODES: 25
0 IN 1 16 4 6.5 0 -1
1 IN 2 9 5 3.5 1 -1
2 IN 3 6 1 2.5 2 -1
3 IN 4 5 0 0.5 3 -1
4 LN -1 -1 -1 -1 4 0
5 LN -1 -1 -1 -1 4 2
6 IN 7 8 0 5.5 3 -1
7 LN -1 -1 -1 -1 4 0
8 LN -1 -1 -1 -1 4 0
9 IN 10 13 0 3.5 2 -1
10 IN 11 12 1 2.5 3 -1
11 LN -1 -1 -1 -1 4 2
12 LN -1 -1 -1 -1 4 2
13 IN 14 15 3 5.5 3 -1
14 LN -1 -1 -1 -1 4 0
15 LN -1 -1 -1 -1 4 1
16 IN 17 20 5 0.5 1 -1
17 IN 18 19 1 7.0 2 -1
18 LN -1 -1 -1 -1 3 0
19 LN -1 -1 -1 -1 3 1
20 IN 21 24 6 6.5 2 -1
21 IN 22 23 4 7.5 3 -1
22 LN -1 -1 -1 -1 4 0
23 LN -1 -1 -1 -1 4 1
24 LN -1 -1 -1 -1 3 1

[TREE 57]
NB_NODES: 17
0 IN 1 10 0 2.5 0 -1
1 IN 2 5 5 2.5 1 -1
2 IN 3 4 1 1.5 2 -1
3 LN -1 -1 -1 -1 3 0
4 LN -1 -1 -1 -1 3 2
5 IN 6 9 5 4.5 2 -1
6 IN 7 8 4 2.5 3 -1
7 LN -1 -1 -1 -1 4 2
8 LN -1 -1 -1 -1 4 0
9 LN -1 -1 -1 -1 3 2
10 IN 11 16 1 6.5 1 -1
11 IN 12 15 6 6.5 2 -1
12 IN 13 14 5 8.5 3 -1
13 LN -1 -1 -1 -1 4 0
14 LN -1 -1 -1 -1 4 2
15 LN -1 -1 -1 -1 3 1
16 LN -1 -1 -1 -1 2 1

[TREE 58]
NB_NODES: 17
0 IN 1 10 0 5.5 0 -1
1 IN 2 9 0 3.5 1 -1
2 IN 3 6 5 2.5 2 -1
3 IN 4 5 2 4.5 3 -1
4 LN -1 -1 -1 -1 4 0
5 LN -1 -1 -1 -1 4 2
6 IN 7 8 1 2.5 3 -1
7 LN -1 -1 -1 -1 4 2
8 LN -1 -1 -1 -1 4 2
9 LN -1 -1 -1 -1 2 0
10 IN 11 12 3 5.5 1 -1
11 LN -1 -1 -1 -1 2 0
12 IN 13 16 6 6.5 2 -1
13 IN 14 15 5 4.5 3 -1
14 LN -1 -1 -1 -1 4 0
15 LN -1 -1 -1 -1 4 1
16 LN -1 -1 -1 -1 3 1

[TREE 59]
NB_NODES: 23
0 IN 1 12 4 5.5 0 -1
1 IN 2 7 4 3.5 1 -1
2 IN 3 6 0 3.5 2 -1
3 IN 4 5 2 6.5 3 -1
4 LN -1 -1 -1 -1 4 2
5 LN -1 -1 -1 -1 4 0
6 LN -1 -1 -1 -1 3 0
7 IN 8 11 6 6.5 2 -1
8 IN 9 10 1 2.5 3 -1
9 LN -1 -1 -1 -1 4 2
10 LN -1 -1 -1 -1 4 0
11 LN -1 -1 -1 -1 3 1
12 IN 13 18 4 6.5 1 -1
13 IN 14 15 6 5.5 2 -1
14 LN -1 -1 -1 -1 3 0
15 IN 16 17 5 4.0 3 -1
16 LN -1 -1 -1 -1 4 0
17 LN -1 -1 -1 -1 4 1
18 IN 19 22 6 6.5 2 -1
19 IN 20 21 5 3.0 3 -1
20 LN -1 -1 -1 -1 4 0
21 LN -1 -1 -1 -1 4 1
22 LN -1 -1 -1 -1 3 1

[TREE 60]
NB_NODES: 17
0 IN 1 16 6 6.5 0 -1
1 IN 2 9 0 2.5 1 -1
2 IN 3 6 2 3.5 2 -1
3 IN 4 5 2 2.5 3 -1
4 LN -1 -1 -1 -1 4 2
5 LN -1 -1 -1 -1 4 2
6 IN 7 8 0 0.5 3 -1
7 LN -1 -1 -1 -1 4 0
8 LN -1 -1 -1 -1 4 0
9 IN 10 13 1 6.5 2 -1
10 IN 11 12 1 2.5 3 -1
11 LN -1 -1 -1 -1 4 2
12 LN -1 -1 -1 -1 4 0
13 IN 14 15 5 4.5 3 -1
14 LN -1 -1 -1 -1 4 0
15 LN -1 -1 -1 -1 4 1
16 LN -1 -1 -1 -1 1 1

[TREE 61]
NB_NODES: 25
0 IN 1 16 0 5.5 0 -1
1 IN 2 9 4 2.5 1 -1
2 IN 3 6 3 0.5 2 -1
3 IN 4 5 2 2.5 3 -1
4 LN -1 -1 -1 -1 4 2
5 LN -1 -1 -1 -1 4 0
6 IN 7 8 0 2.5 3 -1
7 LN -1 -1 -1 -1 4 2
8 LN -1 -1 -1 -1 4 0
9 IN 10 13 5 7.5 2 -1
10 IN 11 12 1 2.5 3 -1
11 LN -1 -1 -1 -1 4 2
12 LN -1 -1 -1 -1 4 0
13 IN 14 15 2 8.0 3 -1
14 LN -1 -1 -1 -1 4 2
15 LN -1 -1 -1 -1 4 0
16 IN 17 22 0 6.5 1 -1
17 IN 18 19 6 5.5 2 -1
18 LN -1 -1 -1 -1 3 0
19 IN 20 21 6 6.5 3 -1
20 LN -1 -1 -1 -1 4 1
21 LN -1 -1 -1 -1 4 1
22 IN 23 24 1 6.5 2 -1
23 LN -1 -1 -1 -1 3 0
24 LN -1 -1 -1 -1 3 1

[TREE 62]
NB_NODES: 13
0 IN 1 12 6 6.5 0 -1
1 IN 2 7 1 3.5 1 -1
2 IN 3 4 4 1.5 2 -1
3 LN -1 -1 -1 -1 3 2
4 IN 5 6 1 0.5 3 -1
5 LN -1 -1 -1 -1 4 0
6 LN -1 -1 -1 -1 4 2
7 IN 8 9 0 3.5 2 -1
8 LN -1 -1 -1 -1 3 2
9 IN 10 11 1 7.0 3 -1
10 LN -1 -1 -1 -1 4 0
11 LN -1 -1 -1 -1 4 1
12 LN -1 -1 -1 -1 1 1

[TREE 63]
NB_NODES: 15
0 IN 1 14 1 6.5 0 -1
1 IN 2 9 0 3.5 1 -1
2 IN 3 6 2 2.5 2 -1
3 IN 4 5 1 2.5 3 -1
4 LN -1 -1 -1 -1 4 2
5 LN -1 -1 -1 -1 4 2
6 IN 7 8 6 1.5 3 -1
7 LN -1 -1 -1 -1 4 0
8 LN -1 -1 -1 -1 4 2
9 IN 10 11 0 5.5 2 -1
10 LN -1 -1 -1 -1 3 0
11 IN 12 13 6 6.5 3 -1
12 LN -1 -1 -1 -1 4 0
13 LN -1 -1 -1 -1 4 1
14 LN -1 -1 -1 -1 1 1

[TREE 64]
NB_NODES: 25
0 IN 1 12 0 3.5 0 -1
1 IN 2 7 5 2.5 1 -1
2 IN 3 6 6 3.0 2 -1
3 IN 4 5 2 7.5 3 -1
4 LN -1 -1 -1 -1 4 0
5 LN -1 -1 -1 -1 4 0
6 LN -1 -1 -1 -1 3 2
7 IN 8 11 5 6.5 2 -1
8 IN 9 10 4 2.5 3 -1
9 LN -1 -1 -1 -1 4 2
10 LN -1 -1 -1 -1 4 0
11 LN -1 -1 -1 -1 3 2
12 IN 13 20 1 6.5 1 -1
13 IN 14 17 4 6.5 2 -1
14 IN 15 16 1 5.5 3 -1
15 LN -1 -1 -1 -1 4 0
16 LN -1 -1 -1 -1 4 0
17 IN 18 19 3 4.0 3 -1
18 LN -1 -1 -1 -1 4 1
19 LN -1 -1 -1 -1 4 0
20 IN 21 22 2 8.5 2 -1
21 LN -1 -1 -1 -1 3 1
22 IN 23 24 3 6.5 3 -1
23 LN -1 -1 -1 -1 4 0
24 LN -1 -1 -1 -1 4 1

[TREE 65]
NB_NODES: 25
0 IN 1 14 0 5.5 0 -1
1 IN 2 7 0 2.5 1 -1
2 IN 3 6 2 6.5 2 -1
3 IN 4 5 6 1.5 3 -1
4 LN -1 -1 -1 -1 4 2
5 LN -1 -1 -1 -1 4 2
6 LN -1 -1 -1 -1 3 0
7 IN 8 11 1 3.5 2 -1
8 IN 9 10 6 4.5 3 -1
9 LN -1 -1 -1 -1 4 0
10 LN -1 -1 -1 -1 4 2
11 IN 12 13 0 3.5 3 -1
12 LN -1 -1 -1 -1 4 2
13 LN -1 -1 -1 -1 4 0
14 IN 15 20 3 6.5 1 -1
15 IN 16 17 2 3.5 2 -1
16 LN -1 -1 -1 -1 3 1
17 IN 18 19 6 5.5 3 -1
18 LN -1 -1 -1 -1 4 0
19 LN -1 -1 -1 -1 4 1
20 IN 21 24 4 6.5 2 -1
21 IN 22 23 6 6.5 3 -1
22 LN -1 -1 -1 -1 4 0
23 LN -1 -1 -1 -1 4 1
24 LN -1 -1 -1 -1 3 1

[TREE 66]
NB_NODES: 15
0 IN 1 14 1 6.5 0 -1
1 IN 2 7 0 2.5 1 -1
2 IN 3 6 4 2.5 2 -1
3 IN 4 5 2 2.5 3 -1
4 LN -1 -1 -1 -1 4 2
5 LN -1 -1 -1 -1 4 2
6 LN -1 -1 -1 -1 3 0
7 IN 8 11 5 7.5 2 -1
8 IN 9 10 3 0.5 3 -1
9 LN -1 -1 -1 -1 4 2
10 LN -1 -1 -1 -1 4 0
11 IN 12 13 2 7.5 3 -1
12 LN -1 -1 -1 -1 4 2
13 LN -1 -1 -1 -1 4 0
14 LN -1 -1 -1 -1 1 1

[TREE 67]
NB_NODES: 19
0 IN 1 12 4 5.5 0 -1
1 IN 2 9 0 3.5 1 -1
2 IN 3 6 5 4.5 2 -1
3 IN 4 5 6 2.5 3 -1
4 LN -1 -1 -1 -1 4 0
5 LN -1 -1 -1 -1 4 2
6 IN 7 8 4 2.5 3 -1
7 LN -1 -1 -1 -1 4 2
8 LN -1 -1 -1 -1 4 2
9 IN 10 11 0 5.5 2 -1
10 LN -1 -1 -1 -1 3 0
11 LN -1 -1 -1 -1 3 1
12 IN 13 18 1 6.5 1 -1
13 IN 14 17 6 6.5 2 -1
14 IN 15 16 5 4.0 3 -1
15 LN -1 -1 -1 -1 4 0
16 LN -1 -1 -1 -1 4 0
17 LN -1 -1 -1 -1 3 1
18 LN -1 -1 -1 -1 2 1

[TREE 68]
NB_NODES: 27
0 IN 1 14 0 3.5 0 -1
1 IN 2 7 6 0.5 1 -1
2 IN 3 6 5 2.5 2 -1
3 IN 4 5 3 0.5 3 -1
4 LN -1 -1 -1 -1 4 0
5 LN -1 -1 -1 -1 4 0
6 LN -1 -1 -1 -1 3 2
7 IN 8 11 2 2.5 2 -1
8 IN 9 10 5 4.5 3 -1
9 LN -1 -1 -1 -1 4 2
10 LN -1 -1 -1 -1 4 2
11 IN 12 13 6 1.5 3 -1
12 LN -1 -1 -1 -1 4 0
13 LN -1 -1 -1 -1 4 2
14 IN 15 20 6 5.5 1 -1
15 IN 16 17 2 8.5 2 -1
16 LN -1 -1 -1 -1 3 0
17 IN 18 19 0 5.5 3 -1
18 LN -1 -1 -1 -1 4 0
19 LN -1 -1 -1 -1 4 1
20 IN 21 24 5 1.5 2 -1
21 IN 22 23 0 7.5 3 -1
22 LN -1 -1 -1 -1 4 0
23 LN -1 -1 -1 -1 4 1
24 IN 25 26 1 6.5 3 -1
25 LN -1 -1 -1 -1 4 1
26 LN -1 -1 -1 -1 4 1

[TREE 69]
NB_NODES: 15
0 IN 1 14 6 6.5 0 -1
1 IN 2 7 0 2.5 1 -1
2 IN 3 6 6 1.5 2 -1
3 IN 4 5 5 4.5 3 -1
4 LN -1 -1 -1 -1 4 0
5 LN -1 -1 -1 -1 4 2
6 LN -1 -1 -1 -1 3 2
7 IN 8 11 0 6.5 2 -1
8 IN 9 10 5 6.5 3 -1
9 LN -1 -1 -1 -1 4 0
10 LN -1 -1 -1 -1 4 0
11 IN 12 13 3 6.5 3 -1
12 LN -1 -1 -1 -1 4 1
13 LN -1 -1 -1 -1 4 0
14 LN -1 -1 -1 -1 1 1

[TREE 70]
NB_NODES: 13
0 IN 1 12 6 6.5 0 -1
1 IN 2 7 1 2.5 1 -1
2 IN 3 4 2 2.5 2 -1
3 LN -1 -1 -1 -1 3 2
4 IN 5 6 1 1.5 3 -1
5 LN -1 -1 -1 -1 4 2
6 LN -1 -1 -1 -1 4 2
7 IN 8 9 2 1.5 2 -1
8 LN -1 -1 -1 -1 3 2
9 IN 10 11 5 4.5 3 -1
10 LN -1 -1 -1 -1 4 0
11 LN -1 -1 -1 -1 4 0
12 LN -1 -1 -1 -1 1 1

[TREE 71]
NB_NODES: 21
0 IN 1 10 0 3.5 0 -1
1 IN 2 9 2 8.5 1 -1
2 IN 3 6 0 2.5 2 -1
3 IN 4 5 5 2.5 3 -1
4 LN -1 -1 -1 -1 4 0
5 LN -1 -1 -1 -1 4 2
6 IN 7 8 5 6.5 3 -1
7 LN -1 -1 -1 -1 4 0
8 LN -1 -1 -1 -1 4 2
9 LN -1 -1 -1 -1 2 0
10 IN 11 16 6 5.5 1 -1
11 IN 12 15 3 3.5 2 -1
12 IN 13 14 0 5.5 3 -1
13 LN -1 -1 -1 -1 4 0
14 LN -1 -1 -1 -1 4 1
15 LN -1 -1 -1 -1 3 0
16 IN 17 20 6 6.5 2 -1
17 IN 18 19 1 6.5 3 -1
18 LN -1 -1 -1 -1 4 0
19 LN -1 -1 -1 -1 4 1
20 LN -1 -1 -1 -1 3 1

[TREE 72]
NB_NODES: 17
0 IN 1 16 6 6.5 0 -1
1 IN 2 9 2 3.5 1 -1
2 IN 3 6 4 3.5 2 -1
3 IN 4 5 3 5.5 3 -1
4 LN -1 -1 -1 -1 4 2
5 LN -1 -1 -1 -1 4 0
6 IN 7 8 4 5.5 3 -1
7 LN -1 -1 -1 -1 4 0
8 LN -1 -1 -1 -1 4 1
9 IN 10 13 0 3.5 2 -1
10 IN 11 12 6 0.5 3 -1
11 LN -1 -1 -1 -1 4 0
12 LN -1 -1 -1 -1 4 2
13 IN 14 15 1 6.5 3 -1
14 LN -1 -1 -1 -1 4 0
15 LN -1 -1 -1 -1 4 0
16 LN -1 -1 -1 -1 1 1

[TREE 73]
NB_NODES: 21
0 IN 1 16 3 6.5 0 -1
1 IN 2 9 4 2.5 1 -1
2 IN 3 6 0 2.5 2 -1
3 IN 4 5 5 3.0 3 -1
4 LN -1 -1 -1 -1 4 0
5 LN -1 -1 -1 -1 4 2
6 IN 7 8 2 1.5 3 -1
7 LN -1 -1 -1 -1 4 0
8 LN -1 -1 -1 -1 4 0
9 IN 10 13 5 7.5 2 -1
10 IN 11 12 5 4.5 3 -1
11 LN -1 -1 -1 -1 4 0
12 LN -1 -1 -1 -1 4 0
13 IN 14 15 2 7.5 3 -1
14 LN -1 -1 -1 -1 4 2
15 LN -1 -1 -1 -1 4 0
16 IN 17 20 6 6.5 1 -1
17 IN 18 19 1 7.0 2 -1
18 LN -1 -1 -1 -1 3 0
19 LN -1 -1 -1 -1 3 1
20 LN -1 -1 -1 -1 2 1

[TREE 74]
NB_NODES: 15
0 IN 1 14 6 6.5 0 -1
1 IN 2 7 4 2.5 1 -1
2 IN 3 6 5 3.0 2 -1
3 IN 4 5 2 4.5 3 -1
4 LN -1 -1 -1 -1 4 0
5 LN -1 -1 -1 -1 4 0
6 LN -1 -1 -1 -1 3 2
7 IN 8 11 5 6.5 2 -1
8 IN 9 10 0 5.5 3 -1
9 LN -1 -1 -1 -1 4 0
10 LN -1 -1 -1 -1 4 0
11 IN 12 13 2 5.5 3 -1
12 LN -1 -1 -1 -1 4 2
13 LN -1 -1 -1 -1 4 0
14 LN -1 -1 -1 -1 1 1

[TREE 75]
NB_NODES: 21
0 IN 1 10 4 3.5 0 -1
1 IN 2 5 5 3.5 1 -1
2 IN 3 4 2 2.0 2 -1
3 LN -1 -1 -1 -1 3 2
4 LN -1 -1 -1 -1 3 0
5 IN 6 9 3 5.5 2 -1
6 IN 7 8 6 2.5 3 -1
7 LN -1 -1 -1 -1 4 2
8 LN -1 -1 -1 -1 4 2
9 LN -1 -1 -1 -1 3 0
10 IN 11 16 1 6.5 1 -1
11 IN 12 15 6 6.5 2 -1
12 IN 13 14 1 2.5 3 -1
13 LN -1 -1 -1 -1 4 2
14 LN -1 -1 -1 -1 4 0
15 LN -1 -1 -1 -1 3 1
16 IN 17 20 0 7.5 2 -1
17 IN 18 19 4 7.5 3 -1
18 LN -1 -1 -1 -1 4 1
19 LN -1 -1 -1 -1 4 1
20 LN -1 -1 -1 -1 3 1

[TREE 76]
NB_NODES: 25
0 IN 1 14 3 5.5 0 -1
1 IN 2 9 5 4.5 1 -1
2 IN 3 6 2 2.0 2 -1
3 IN 4 5 3 3.5 3 -1
4 LN -1 -1 -1 -1 4 2
5 LN -1 -1 -1 -1 4 0
6 IN 7 8 3 0.5 3 -1
7 LN -1 -1 -1 -1 4 0
8 LN -1 -1 -1 -1 4 0
9 IN 10 13 4 4.5 2 -1
10 IN 11 12 2 3.5 3 -1
11 LN -1 -1 -1 -1 4 2
12 LN -1 -1 -1 -1 4 2
13 LN -1 -1 -1 -1 3 0
14 IN 15 20 1 6.5 1 -1
15 IN 16 19 6 6.5 2 -1
16 IN 17 18 5 1.5 3 -1
17 LN -1 -1 -1 -1 4 0
18 LN -1 -1 -1 -1 4 0
19 LN -1 -1 -1 -1 3 1
20 IN 21 24 6 6.5 2 -1
21 IN 22 23 4 7.0 3 -1
22 LN -1 -1 -1 -1 4 1
23 LN -1 -1 -1 -1 4 1
24 LN -1 -1 -1 -1 3 1

[TREE 77]
NB_NODES: 23
0 IN 1 14 0 3.5 0 -1
1 IN 2 7 5 2.5 1 -1
2 IN 3 6 6 2.5 2 -1
3 IN 4 5 2 7.5 3 -1
4 LN -1 -1 -1 -1 4 0
5 LN -1 -1 -1 -1 4 2
6 LN -1 -1 -1 -1 3 2
7 IN 8 11 0 2.5 2 -1
8 IN 9 10 2 6.5 3 -1
9 LN -1 -1 -1 -1 4 2
10 LN -1 -1 -1 -1 4 0
11 IN 12 13 1 3.5 3 -1
12 LN -1 -1 -1 -1 4 0
13 LN -1 -1 -1 -1 4 2
14 IN 15 22 6 6.5 1 -1
15 IN 16 19 6 5.5 2 -1
16 IN 17 18 1 5.5 3 -1
17 LN -1 -1 -1 -1 4 0
18 LN -1 -1 -1 -1 4 0
19 IN 20 21 0 6.5 3 -1
20 LN -1 -1 -1 -1 4 0
21 LN -1 -1 -1 -1 4 1
22 LN -1 -1 -1 -1 2 1

[TREE 78]
NB_NODES: 19
0 IN 1 14 1 6.5 0 -1
1 IN 2 7 4 2.5 1 -1
2 IN 3 4 5 0.5 2 -1
3 LN -1 -1 -1 -1 3 0
4 IN 5 6 3 3.5 3 -1
5 LN -1 -1 -1 -1 4 2
6 LN -1 -1 -1 -1 4 2
7 IN 8 11 1 5.5 2 -1
8 IN 9 10 5 6.5 3 -1
9 LN -1 -1 -1 -1 4 0
10 LN -1 -1 -1 -1 4 0
11 IN 12 13 0 5.5 3 -1
12 LN -1 -1 -1 -1 4 0
13 LN -1 -1 -1 -1 4 1
14 IN 15 16 2 8.5 1 -1
15 LN -1 -1 -1 -1 2 1
16 IN 17 18 3 6.5 2 -1
17 LN -1 -1 -1 -1 3 0
18 LN -1 -1 -1 -1 3 1

[TREE 79]
NB_NODES: 19
0 IN 1 12 1 5.5 0 -1
1 IN 2 9 0 3.5 1 -1
2 IN 3 6 1 2.5 2 -1
3 IN 4 5 3 0.5 3 -1
4 LN -1 -1 -1 -1 4 2
5 LN -1 -1 -1 -1 4 2
6 IN 7 8 3 1.5 3 -1
7 LN -1 -1 -1 -1 4 0
8 LN -1 -1 -1 -1 4 2
9 IN 10 11 0 5.5 2 -1
10 LN -1 -1 -1 -1 3 0
11 LN -1 -1 -1 -1 3 1
12 IN 13 18 6 6.5 1 -1
13 IN 14 17 1 6.5 2 -1
14 IN 15 16 0 5.5 3 -1
15 LN -1 -1 -1 -1 4 0
16 LN -1 -1 -1 -1 4 0
17 LN -1 -1 -1 -1 3 1
18 LN -1 -1 -1 -1 2 1

[TREE 80]
NB_NODES: 23
0 IN 1 10 0 3.5 0 -1
1 IN 2 3 4 1.5 1 -1
2 LN -1 -1 -1 -1 2 2
3 IN 4 7 6 0.5 2 -1
4 IN 5 6 4 3.5 3 -1
5 LN -1 -1 -1 -1 4 0
6 LN -1 -1 -1 -1 4 2
7 IN 8 9 2 4.5 3 -1
8 LN -1 -1 -1 -1 4 2
9 LN -1 -1 -1 -1 4 2
10 IN 11 16 4 6.5 1 -1
11 IN 12 15 6 6.5 2 -1
12 IN 13 14 6 5.5 3 -1
13 LN -1 -1 -1 -1 4 0
14 LN -1 -1 -1 -1 4 0
15 LN -1 -1 -1 -1 3 1
16 IN 17 20 6 5.0 2 -1
17 IN 18 19 5 2.0 3 -1
18 LN -1 -1 -1 -1 4 0
19 LN -1 -1 -1 -1 4 1
20 IN 21 22 3 6.5 3 -1
21 LN -1 -1 -1 -1 4 1
22 LN -1 -1 -1 -1 4 1

[TREE 81]
NB_NODES: 21
0 IN 1 12 4 3.5 0 -1
1 IN 2 7 1 2.5 1 -1
2 IN 3 4 2 3.5 2 -1
3 LN -1 -1 -1 -1 3 2
4 IN 5 6 1 0.5 3 -1
5 LN -1 -1 -1 -1 4 0
6 LN -1 -1 -1 -1 4 2
7 IN 8 11 0 3.5 2 -1
8 IN 9 10 5 6.5 3 -1
9 LN -1 -1 -1 -1 4 0
10 LN -1 -1 -1 -1 4 2
11 LN -1 -1 -1 -1 3 0
12 IN 13 20 6 6.5 1 -1
13 IN 14 17 6 5.5 2 -1
14 IN 15 16 1 2.5 3 -1
15 LN -1 -1 -1 -1 4 2
16 LN -1 -1 -1 -1 4 0
17 IN 18 19 5 7.5 3 -1
18 LN -1 -1 -1 -1 4 0
19 LN -1 -1 -1 -1 4 1
20 LN -1 -1 -1 -1 2 1

[TREE 82]
NB_NODES: 23
0 IN 1 12 6 5.5 0 -1
1 IN 2 7 5 3.5 1 -1
2 IN 3 6 3 0.5 2 -1
3 IN 4 5 1 0.5 3 -1
4 LN -1 -1 -1 -1 4 0
5 LN -1 -1 -1 -1 4 2
6 LN -1 -1 -1 -1 3 0
7 IN 8 9 4 2.5 2 -1
8 LN -1 -1 -1 -1 3 2
9 IN 10 11 5 7.5 3 -1
10 LN -1 -1 -1 -1 4 0
11 LN -1 -1 -1 -1 4 2
12 IN 13 18 4 4.5 1 -1
13 IN 14 17 0 5.5 2 -1
14 IN 15 16 0 3.5 3 -1
15 LN -1 -1 -1 -1 4 2
16 LN -1 -1 -1 -1 4 0
17 LN -1 -1 -1 -1 3 1
18 IN 19 22 5 2.5 2 -1
19 IN 20 21 3 6.5 3 -1
20 LN -1 -1 -1 -1 4 0
21 LN -1 -1 -1 -1 4 1
22 LN -1 -1 -1 -1 3 1

[TREE 83]
NB_NODES: 17
0 IN 1 14 0 6.5 0 -1
1 IN 2 7 4 2.5 1 -1
2 IN 3 4 0 2.5 2 -1
3 LN -1 -1 -1 -1 3 2
4 IN 5 6 6 3.5 3 -1
5 LN -1 -1 -1 -1 4 0
6 LN -1 -1 -1 -1 4 2
7 IN 8 11 5 7.5 2 -1
8 IN 9 10 2 2.5 3 -1
9 LN -1 -1 -1 -1 4 1
10 LN -1 -1 -1 -1 4 0
11 IN 12 13 3 4.5 3 -1
12 LN -1 -1 -1 -1 4 2
13 LN -1 -1 -1 -1 4 0
14 IN 15 16 1 6.5 1 -1
15 LN -1 -1 -1 -1 2 0
16 LN -1 -1 -1 -1 2 1

[TREE 84]
NB_NODES: 25
0 IN 1 14 0 3.5 0 -1
1 IN 2 9 2 7.5 1 -1
2 IN 3 6 0 2.5 2 -1
3 IN 4 5 5 0.5 3 -1
4 LN -1 -1 -1 -1 4 0
5 LN -1 -1 -1 -1 4 2
6 IN 7 8 4 2.5 3 -1
7 LN -1 -1 -1 -1 4 0
8 LN -1 -1 -1 -1 4 2
9 IN 10 13 2 8.5 2 -1
10 IN 11 12 0 2.5 3 -1
11 LN -1 -1 -1 -1 4 0
12 LN -1 -1 -1 -1 4 2
13 LN -1 -1 -1 -1 3 0
14 IN 15 20 1 6.5 1 -1
15 IN 16 19 6 6.5 2 -1
16 IN 17 18 0 5.5 3 -1
17 LN -1 -1 -1 -1 4 0
18 LN -1 -1 -1 -1 4 0
19 LN -1 -1 -1 -1 3 1
20 IN 21 24 3 6.5 2 -1
21 IN 22 23 2 8.0 3 -1
22 LN -1 -1 -1 -1 4 1
23 LN -1 -1 -1 -1 4 0
24 LN -1 -1 -1 -1 3 1

[TREE 85]
NB_NODES: 17
0 IN 1 16 6 6.5 0 -1
1 IN 2 9 0 2.5 1 -1
2 IN 3 6 6 0.5 2 -1
3 IN 4 5 4 1.5 3 -1
4 LN -1 -1 -1 -1 4 2
5 LN -1 -1 -1 -1 4 0
6 IN 7 8 3 0.5 3 -1
7 LN -1 -1 -1 -1 4 2
8 LN -1 -1 -1 -1 4 2
9 IN 10 13 5 7.5 2 -1
10 IN 11 12 3 0.5 3 -1
11 LN -1 -1 -1 -1 4 2
12 LN -1 -1 -1 -1 4 0
13 IN 14 15 2 7.5 3 -1
14 LN -1 -1 -1 -1 4 2
15 LN -1 -1 -1 -1 4 0
16 LN -1 -1 -1 -1 1 1

[TREE 86]
NB_NODES: 17
0 IN 1 16 6 6.5 0 -1
1 IN 2 9 0 3.5 1 -1
2 IN 3 6 5 4.5 2 -1
3 IN 4 5 5 2.5 3 -1
4 LN -1 -1 -1 -1 4 0
5 LN -1 -1 -1 -1 4 0
6 IN 7 8 4 2.5 3 -1
7 LN -1 -1 -1 -1 4 2
8 LN -1 -1 -1 -1 4 2
9 IN 10 13 6 5.5 2 -1
10 IN 11 12 4 6.5 3 -1
11 LN -1 -1 -1 -1 4 0
12 LN -1 -1 -1 -1 4 0
13 IN 14 15 1 5.5 3 -1
14 LN -1 -1 -1 -1 4 0
15 LN -1 -1 -1 -1 4 1
16 LN -1 -1 -1 -1 1 1

[TREE 87]
NB_NODES: 23
0 IN 1 14 1 3.5 0 -1
1 IN 2 9 5 4.5 1 -1
2 IN 3 6 6 2.5 2 -1
3 IN 4 5 1 2.5 3 -1
4 LN -1 -1 -1 -1 4 2
5 LN -1 -1 -1 -1 4 0
6 IN 7 8 2 4.0 3 -1
7 LN -1 -1 -1 -1 4 2
8 LN -1 -1 -1 -1 4 0
9 IN 10 11 0 2.5 2 -1
10 LN -1 -1 -1 -1 3 2
11 IN 12 13 2 4.5 3 -1
12 LN -1 -1 -1 -1 4 0
13 LN -1 -1 -1 -1 4 2
14 IN 15 22 6 6.5 1 -1
15 IN 16 19 1 6.5 2 -1
16 IN 17 18 5 8.0 3 -1
17 LN -1 -1 -1 -1 4 0
18 LN -1 -1 -1 -1 4 2
19 IN 20 21 3 6.5 3 -1
20 LN -1 -1 -1 -1 4 1
21 LN -1 -1 -1 -1 4 1
22 LN -1 -1 -1 -1 2 1

[TREE 88]
NB_NODES: 21
0 IN 1 12 1 5.5 0 -1
1 IN 2 5 5 3.5 1 -1
2 IN 3 4 2 1.0 2 -1
3 LN -1 -1 -1 -1 3 2
4 LN -1 -1 -1 -1 3 0
5 IN 6 9 0 3.5 2 -1
6 IN 7 8 3 2.5 3 -1
7 LN -1 -1 -1 -1 4 2
8 LN -1 -1 -1 -1 4 2
9 IN 10 11 6 5.5 3 -1
10 LN -1 -1 -1 -1 4 0
11 LN -1 -1 -1 -1 4 0
12 IN 13 16 6 5.5 1 -1
13 IN 14 15 3 4.0 2 -1
14 LN -1 -1 -1 -1 3 1
15 LN -1 -1 -1 -1 3 0
16 IN 17 18 2 8.5 2 -1
17 LN -1 -1 -1 -1 3 1
18 IN 19 20 3 6.5 3 -1
19 LN -1 -1 -1 -1 4 0
20 LN -1 -1 -1 -1 4 1

[TREE 89]
NB_NODES: 15
0 IN 1 8 4 2.5 0 -1
1 IN 2 7 5 4.5 1 -1
2 IN 3 6 0 2.5 2 -1
3 IN 4 5 1 0.5 3 -1
4 LN -1 -1 -1 -1 4 0
5 LN -1 -1 -1 -1 4 2
6 LN -1 -1 -1 -1 3 0
7 LN -1 -1 -1 -1 2 2
8 IN 9 14 6 6.5 1 -1
9 IN 10 13 1 6.5 2 -1
10 IN 11 12 5 7.5 3 -1
11 LN -1 -1 -1 -1 4 0
12 LN -1 -1 -1 -1 4 2
13 LN -1 -1 -1 -1 3 1
14 LN -1 -1 -1 -1 2 1

[TREE 90]
NB_NODES: 21
0 IN 1 12 4 3.5 0 -1
1 IN 2 5 6 0.5 1 -1
2 IN 3 4 5 4.5 2 -1
3 LN -1 -1 -1 -1 3 0
4 LN -1 -1 -1 -1 3 2
5 IN 6 9 5 0.5 2 -1
6 IN 7 8 6 3.0 3 -1
7 LN -1 -1 -1 -1 4 0
8 LN -1 -1 -1 -1 4 2
9 IN 10 11 1 2.5 3 -1
10 LN -1 -1 -1 -1 4 2
11 LN -1 -1 -1 -1 4 2
12 IN 13 20 6 6.5 1 -1
13 IN 14 17 4 6.5 2 -1
14 IN 15 16 3 0.5 3 -1
15 LN -1 -1 -1 -1 4 2
16 LN -1 -1 -1 -1 4 0
17 IN 18 19 5 3.5 3 -1
18 LN -1 -1 -1 -1 4 0
19 LN -1 -1 -1 -1 4 1
20 LN -1 -1 -1 -1 2 1

[TREE 91]
NB_NODES: 21
0 IN 1 12 4 5.5 0 -1
1 IN 2 7 0 2.5 1 -1
2 IN 3 4 5 0.5 2 -1
3 LN -1 -1 -1 -1 3 0
4 IN 5 6 4 1.5 3 -1
5 LN -1 -1 -1 -1 4 2
6 LN -1 -1 -1 -1 4 2
7 IN 8 11 5 8.0 2 -1
8 IN 9 10 2 7.5 3 -1
9 LN -1 -1 -1 -1 4 0
10 LN -1 -1 -1 -1 4 0
11 LN -1 -1 -1 -1 3 2
12 IN 13 16 3 5.5 1 -1
13 IN 14 15 6 5.0 2 -1
14 LN -1 -1 -1 -1 3 0
15 LN -1 -1 -1 -1 3 1
16 IN 17 20 3 6.5 2 -1
17 IN 18 19 2 8.5 3 -1
18 LN -1 -1 -1 -1 4 1
19 LN -1 -1 -1 -1 4 0
20 LN -1 -1 -1 -1 3 1

[TREE 92]
NB_NODES: 23
0 IN 1 12 0 3.5 0 -1
1 IN 2 7 0 2.5 1 -1
2 IN 3 6 6 0.5 2 -1
3 IN 4 5 4 1.5 3 -1
4 LN -1 -1 -1 -1 4 2
5 LN -1 -1 -1 -1 4 0
6 LN -1 -1 -1 -1 3 2
7 IN 8 11 5 6.5 2 -1
8 IN 9 10 2 6.0 3 -1
9 LN -1 -1 -1 -1 4 0
10 LN -1 -1 -1 -1 4 2
11 LN -1 -1 -1 -1 3 2
12 IN 13 18 1 6.5 1 -1
13 IN 14 17 6 6.5 2 -1
14 IN 15 16 4 6.5 3 -1
15 LN -1 -1 -1 -1 4 0
16 LN -1 -1 -1 -1 4 0
17 LN -1 -1 -1 -1 3 1
18 IN 19 22 3 6.5 2 -1
19 IN 20 21 2 8.0 3 -1
20 LN -1 -1 -1 -1 4 1
21 LN -1 -1 -1 -1 4 0
22 LN -1 -1 -1 -1 3 1

[TREE 93]
NB_NODES: 17
0 IN 1 16 6 6.5 0 -1
1 IN 2 9 1 2.5 1 -1
2 IN 3 6 2 5.5 2 -1
3 IN 4 5 2 2.5 3 -1
4 LN -1 -1 -1 -1 4 2
5 LN -1 -1 -1 -1 4 2
6 IN 7 8 0 1.5 3 -1
7 LN -1 -1 -1 -1 4 0
8 LN -1 -1 -1 -1 4 2
9 IN 10 13 2 2.5 2 -1
10 IN 11 12 4 4.5 3 -1
11 LN -1 -1 -1 -1 4 2
12 LN -1 -1 -1 -1 4 1
13 IN 14 15 4 3.5 3 -1
14 LN -1 -1 -1 -1 4 0
15 LN -1 -1 -1 -1 4 0
16 LN -1 -1 -1 -1 1 1

[TREE 94]
NB_NODES: 11
0 IN 1 10 1 6.5 0 -1
1 IN 2 3 2 1.5 1 -1
2 LN -1 -1 -1 -1 2 2
3 IN 4 7 1 2.5 2 -1
4 IN 5 6 5 4.5 3 -1
5 LN -1 -1 -1 -1 4 0
6 LN -1 -1 -1 -1 4 2
7 IN 8 9 6 6.5 3 -1
8 LN -1 -1 -1 -1 4 0
9 LN -1 -1 -1 -1 4 1
10 LN -1 -1 -1 -1 1 1

[TREE 95]
NB_NODES: 25
0 IN 1 16 4 5.5 0 -1
1 IN 2 9 5 4.5 1 -1
2 IN 3 6 0 2.5 2 -1
3 IN 4 5 2 5.5 3 -1
4 LN -1 -1 -1 -1 4 2
5 LN -1 -1 -1 -1 4 0
6 IN 7 8 1 2.5 3 -1
7 LN -1 -1 -1 -1 4 2
8 LN -1 -1 -1 -1 4 0
9 IN 10 13 1 4.5 2 -1
10 IN 11 12 0 3.5 3 -1
11 LN -1 -1 -1 -1 4 2
12 LN -1 -1 -1 -1 4 0
13 IN 14 15 0 5.5 3 -1
14 LN -1 -1 -1 -1 4 0
15 LN -1 -1 -1 -1 4 1
16 IN 17 24 6 6.5 1 -1
17 IN 18 21 0 6.5 2 -1
18 IN 19 20 1 6.5 3 -1
19 LN -1 -1 -1 -1 4 0
20 LN -1 -1 -1 -1 4 1
21 IN 22 23 5 2.0 3 -1
22 LN -1 -1 -1 -1 4 0
23 LN -1 -1 -1 -1 4 1
24 LN -1 -1 -1 -1 2 1

[TREE 96]
NB_NODES: 15
0 IN 1 14 6 6.5 0 -1
1 IN 2 7 4 2.5 1 -1
2 IN 3 4 0 2.5 2 -1
3 LN -1 -1 -1 -1 3 2
4 IN 5 6 3 3.5 3 -1
5 LN -1 -1 -1 -1 4 2
6 LN -1 -1 -1 -1 4 0
7 IN 8 11 0 3.5 2 -1
8 IN 9 10 2 4.5 3 -1
9 LN -1 -1 -1 -1 4 0
10 LN -1 -1 -1 -1 4 2
11 IN 12 13 0 6.5 3 -1
12 LN -1 -1 -1 -1 4 0
13 LN -1 -1 -1 -1 4 1
14 LN -1 -1 -1 -1 1 1

[TREE 97]
NB_NODES: 17
0 IN 1 16 6 6.5 0 -1
1 IN 2 9 4 2.5 1 -1
2 IN 3 6 5 2.5 2 -1
3 IN 4 5 2 1.5 3 -1
4 LN -1 -1 -1 -1 4 2
5 LN -1 -1 -1 -1 4 0
6 IN 7 8 0 2.5 3 -1
7 LN -1 -1 -1 -1 4 2
8 LN -1 -1 -1 -1 4 0
9 IN 10 13 0 3.5 2 -1
10 IN 11 12 3 3.5 3 -1
11 LN -1 -1 -1 -1 4 0
12 LN -1 -1 -1 -1 4 2
13 IN 14 15 0 5.5 3 -1
14 LN -1 -1 -1 -1 4 0
15 LN -1 -1 -1 -1 4 0
16 LN -1 -1 -1 -1 1 1

[TREE 98]
NB_NODES: 25
0 IN 1 14 0 3.5 0 -1
1 IN 2 7 6 0.5 1 -1
2 IN 3 4 5 2.5 2 -1
3 LN -1 -1 -1 -1 3 0
4 IN 5 6 1 2.5 3 -1
5 LN -1 -1 -1 -1 4 2
6 LN -1 -1 -1 -1 4 0
7 IN 8 11 0 2.5 2 -1
8 IN 9 10 6 1.5 3 -1
9 LN -1 -1 -1 -1 4 2
10 LN -1 -1 -1 -1 4 2
11 IN 12 13 6 2.5 3 -1
12 LN -1 -1 -1 -1 4 0
13 LN -1 -1 -1 -1 4 2
14 IN 15 20 1 5.5 1 -1
15 IN 16 17 6 5.5 2 -1
16 LN -1 -1 -1 -1 3 0
17 IN 18 19 2 5.0 3 -1
18 LN -1 -1 -1 -1 4 0
19 LN -1 -1 -1 -1 4 1
20 IN 21 24 6 6.5 2 -1
21 IN 22 23 0 5.5 3 -1
22 LN -1 -1 -1 -1 4 0
23 LN -1 -1 -1 -1 4 1
24 LN -1 -1 -1 -1 3 1

[TREE 99]
NB_NODES: 15
0 IN 1 14 6 6.5 0 -1
1 IN 2 7 0 3.5 1 -1
2 IN 3 4 4 1.5 2 -1
3 LN -1 -1 -1 -1 3 2
4 IN 5 6 6 2.5 3 -1
5 LN -1 -1 -1 -1 4 0
6 LN -1 -1 -1 -1 4 2
7 IN 8 11 5 5.5 2 -1
8 IN 9 10 0 5.5 3 -1
9 LN -1 -1 -1 -1 4 0
10 LN -1 -1 -1 -1 4 0
11 IN 12 13 6 4.5 3 -1
12 LN -1 -1 -1 -1 4 0
13 LN -1 -1 -1 -1 4 1
14 LN -1 -1 -1 -1 1 1

